0.9418387599131848
0.9418386936124841
0.9418386494120169
0.9418386715122505
0.9418384947103816
0.9418386273117834
0.9418387599131848
0.9418385389108489
0.9418387157127176
0.9418386936124841
0.9418386494120169
0.9418385831113161
1.0143907401448455
1.0006936231181
1.0143907769785683
1.0006935862843775
1.0143907217279842
1.0006934757832096
1.0143906848942614
1.0006935494506548
1.000693604701239
1.014390648060539
0.9750961748897353
1.0024903168589192
0.9750962117234581
1.0024903721095033
0.9750960828054286
1.0024903168589192
0.9750962301403193
1.0024903352757808
0.9750961564728741
1.002490298442058
1.0006934757832096
1.0143906112268162
1.0006935678675162
1.0143905007256482
1.0006935494506548
1.0143905743930934
1.0006933284483188
1.0143905007256482
1.0006935862843775
1.0143906296436775
1.0006935494506548
1.0143905743930934
1.0006933284483188
1.0143905007256482
1.0006935862843775
1.0143906296436775
1.0006934757832096
1.0143906112268162
1.0006935678675162
1.0143905007256482
0.9750962485571806
1.002490353692642
0.9750961380560126
1.002490353692642
0.9750963038077646
1.0024903721095033
0.9750961564728741
1.0024903352757808
0.9750961748897353
1.0024903168589192
1.014390703311123
1.0006935678675162
1.0006936599518228
1.0143906664774003
1.000693512616932
1.0143905559762323
1.0006936231181
1.014390592809955
1.000693604701239
1.0143906112268162
1.0310194347413177
1.0310195268256246
1.0310194347413177
1.0310194899919018
1.031019397907595
1.0310193058232886
1.0310192505727047
1.0310193794907339
1.0310192505727047
1.0310194531581791
1.0310193794907339
1.0310192505727047
1.0310194531581791
1.0310193058232886
1.0310192505727047
1.0310194899919018
1.031019397907595
1.0310194715750405
1.031019397907595
1.0310194347413177
