0.9359058053172776
0.9359058246694699
0.9359057666128933
0.9359057859650854
0.9359057859650854
0.9359057666128933
0.9359057859650854
0.9359057859650854
0.9359057666128933
0.9359058246694699
0.9359057666128933
0.9359058053172776
0.9556693251708618
1.0071052750046463
0.9556693251708618
0.9556693574245156
1.0071052427509928
0.9556692767903813
0.9556693574245156
1.0071052427509928
0.9556692767903813
0.9556693251708618
1.0071052750046463
0.9556693251708618
0.9556693412976888
1.0071051459900315
0.955669309044035
0.9556693412976888
1.0071052911314733
0.9556693412976888
0.9556693251708618
1.0071052750046463
0.9556693896781694
0.9556693412976888
1.0071052104973388
0.9556693412976888
0.9556693896781694
1.0071052750046463
0.9556693251708618
0.9556693412976888
1.0071052911314733
0.9556693412976888
0.9556693412976888
1.0071052104973388
0.955669309044035
0.9556693412976888
1.0071052266241658
0.955669309044035
0.955669309044035
1.0071052266241658
0.9556693412976888
0.955669309044035
1.0071052104973388
0.9556693412976888
0.9556693896781694
1.0071052427509928
0.9556693896781694
0.955669309044035
1.0071052266241658
0.9556693412976888
0.955669309044035
1.0071052104973388
0.9556693412976888
0.9556693896781694
1.0071052427509928
0.9556693896781694
0.9556693412976888
1.0071052104973388
0.955669309044035
0.9556693412976888
1.0071052266241658
0.955669309044035
0.9556693251708618
1.0071052750046463
0.9556693896781694
0.9556693412976888
1.0071052104973388
0.9556693412976888
0.9556693896781694
1.0071052750046463
0.9556693251708618
0.9556693412976888
1.0071052911314733
0.9556693412976888
0.9556693412976888
1.0071052911314733
0.9556693412976888
0.9556693251708618
1.0071052750046463
0.9556693251708618
0.9556692767903813
1.0071052427509928
0.9556693574245156
0.9556692767903813
1.0071052427509928
0.9556693574245156
0.9556693251708618
1.0071052750046463
0.9556693251708618
0.9556693412976888
1.0071051459900315
0.955669309044035
1.0535967881033705
1.053596852610678
1.0535967881033705
1.053596965498466
1.0535969332448123
1.053596965498466
1.0535969977521198
1.0535968848643318
1.0535968848643318
1.053596965498466
1.053596965498466
1.0535969332448123
1.0535967881033705
1.0535967881033705
1.053596852610678
1.0535969171179855
1.0535968687375048
1.0535968687375048
1.0535968687375048
1.0535969171179855
1.0535968687375048
1.0535969171179855
1.053596852610678
1.0535969171179855
1.053596836483851
1.053596836483851
1.053596836483851
1.053596852610678
1.0535969171179855
1.0535969171179855
1.0535969171179855
1.053596852610678
1.0535969171179855
1.053596836483851
1.053596836483851
1.053596836483851
1.0535969171179855
1.0535969171179855
1.053596852610678
1.0535968687375048
1.0535968687375048
1.0535969171179855
1.0535968687375048
1.0535969171179855
1.0535968687375048
1.053596965498466
1.0535969332448123
1.053596965498466
1.0535968848643318
1.0535968848643318
1.0535969977521198
1.0535969332448123
1.053596965498466
1.053596965498466
1.053596852610678
1.0535967881033705
1.0535967881033705
1.0535967881033705
1.053596852610678
1.0535967881033705
