0.9304059902908204
0.9304057856042635
0.9304059171884786
0.9304059902908204
0.9304057856042635
0.9304059318089469
0.9304059902908204
0.9304057856042635
0.9304059318089469
0.9304057856042635
0.9304059171884786
0.9304059464294153
0.9371169996981451
0.9804811138920262
1.0081197325516222
1.0081198787563057
0.9804810164222373
0.9371169753306978
0.937117097167934
0.9804811991780917
1.0081195863469385
1.0081196960004513
0.98048099205479
0.9371171215353813
0.937117097167934
0.9804811991780917
1.0081195863469385
1.0081197812865166
0.9804810651571317
0.9371170606167631
0.9371169996981451
0.9804811138920262
1.008119671633004
1.0081197812865166
0.9804809311361719
0.9371170240655923
0.9371171702702759
0.9804810651571317
1.0081199396749236
1.0081196960004513
0.980481089524579
0.9371169996981451
0.9371171093516577
0.9804812966478806
1.0081199518586474
1.0081197934702402
0.9804811504431972
0.9371170240655923
0.9371169753306978
0.9804810773408553
1.0081199274912
1.0081200615121602
0.9804813453827752
0.9371170606167631
0.9371172068214467
0.9804812600967098
1.0081198787563057
1.008119769102793
0.9804810164222373
0.9371169996981451
0.9371172190051704
0.980481515954906
1.0081200371447128
1.0081199153074767
0.9804811991780917
0.9371169022283561
0.9371171580865523
0.9804813819339461
1.0081199762260946
1.0081200249609892
0.98048112607575
0.9371168291260142
0.9371170118818687
0.9804810773408553
1.0081196838167277
1.0081196228981095
0.9804809433198955
0.937116938779527
0.9371171702702759
0.9804813088316043
1.0081199031237529
1.0081198543888583
0.9804809798710664
0.9371168778609088
0.937116938779527
0.9804809433198955
1.0081198178376876
1.0081198300214111
0.980481186994368
0.9371169631469742
0.9371170118818687
0.9804810529734082
1.008119805653964
1.0081198300214111
0.9804810407896845
0.9371169875144214
0.9371171459028287
0.9804811382594736
1.0081197447353458
1.0081197812865166
0.980481186994368
0.9371170849842104
0.937116938779527
0.9804809433198955
1.0081198178376876
1.0081198300214111
0.980481186994368
0.9371169631469742
0.9371170118818687
0.9804810529734082
1.008119805653964
1.0081198300214111
0.9804810407896845
0.9371169875144214
0.9371171459028287
0.9804811382594736
1.0081197447353458
1.0081197812865166
0.980481186994368
0.9371170849842104
0.9371170118818687
0.9804810773408553
1.0081196838167277
1.0081196228981095
0.9804809433198955
0.937116938779527
0.9371171702702759
0.9804813088316043
1.0081199031237529
1.0081198543888583
0.9804809798710664
0.9371168778609088
0.9371169753306978
0.9804810773408553
1.0081199274912
1.0081200615121602
0.9804813453827752
0.9371170606167631
0.9371172068214467
0.9804812600967098
1.0081198787563057
1.008119769102793
0.9804810164222373
0.9371169996981451
0.9371172190051704
0.980481515954906
1.0081200371447128
1.0081199153074767
0.9804811991780917
0.9371169022283561
0.9371171580865523
0.9804813819339461
1.0081199762260946
1.0081200249609892
0.98048112607575
0.9371168291260142
0.9371171093516577
0.9804812966478806
1.0081199518586474
1.0081197934702402
0.9804811504431972
0.9371170240655923
0.9371169631469742
0.980481089524579
1.0081196838167277
1.0081198787563057
0.9804810164222373
0.9371169753306978
0.9371171215353813
0.9804809555036191
1.0081197447353458
1.0081196838167277
0.9804810407896845
0.9371169144120797
0.9371170606167631
0.9804810407896845
1.008119769102793
1.0081196838167277
0.9804810651571317
0.9371169144120797
0.9371170240655923
0.9804809555036191
1.0081197812865166
1.0081196228981095
0.9804810286059609
0.9371169631469742
0.9371171702702759
0.9804810651571317
1.0081199396749236
1.0081196960004513
0.980481089524579
0.9371169875144214
0.9802805210662302
0.980280399228994
0.9802805454336775
1.016427740590578
1.031381896765757
1.0164277527743015
1.016427898978985
1.0313822135425714
1.0164279111627086
1.0436823648326192
1.0164279111627086
1.031382030786717
1.0164277162231306
1.04368253540475
1.043682705976881
0.9802805941685719
0.9802805332499539
0.9802805210662302
1.0164277771417487
1.031381896765757
1.0164278380603669
1.0164279598976032
1.0313822500937424
1.0164279720813267
1.0436825597721975
1.0164279233464322
1.0313819942355462
1.0164278746115376
1.0436827181606045
1.043682766895499
0.9802806185360192
0.9802807160058084
0.9802805576174011
1.016427533467276
1.0313818602145863
1.0164278380603669
1.0164280086324975
1.0313823231960841
1.0164279477138793
1.0436824013837902
1.0164277527743015
1.0313817871122446
1.016427533467276
1.0436828278141173
1.0436828399978408
0.9802805941685719
0.9802806794546375
0.9802805698011248
1.0164278746115376
1.0313820186029934
1.016427898978985
1.016428057367392
1.0313822500937424
1.016427862427814
1.0436825232210265
1.0164278380603669
1.031381896765757
1.0164277771417487
1.043682742528052
1.0436827181606045
0.9802805210662302
0.9802806550871901
0.9802802773917577
1.0164277162231306
1.031382030786717
1.0164278746115376
1.0164280086324975
1.031382225726295
1.0164278746115376
1.0436824013837902
1.0164277162231306
1.0313818602145863
1.016427704039407
1.0436826572419864
1.0436826206908154
0.9802803748615466
0.9802806307197428
0.980280496698783
1.0164278258766433
1.0313820551541641
1.016427862427814
1.016427667488236
1.0313819820518224
1.0164277527743015
1.0436824501186848
1.0164277284068541
1.03138187239831
1.0164277284068541
1.04368253540475
1.0436826450582628
0.9802804723313358
0.9802807038220845
0.9802805698011248
1.0164277771417487
1.03138187239831
1.0164277649580251
1.0164277284068541
1.03138187239831
1.0164277162231306
1.043682511037303
1.0164277893254723
1.0313820917053351
1.0164277527743015
1.0436823526488956
1.043682511037303
0.9802806794546375
0.9802804235964413
0.9802807403732555
1.0164280329999449
1.0313821648076769
1.0164280329999449
1.0164279111627086
1.0313821891751243
1.0164279355301558
1.0436826206908154
1.0164278502440904
1.0313819576843752
1.0164278015091959
1.0436827547117755
1.0436826694257102
0.9802803870452704
0.9802805210662302
0.9802806672709137
1.0164277162231306
1.0313819942355462
1.0164277649580251
1.0164277527743015
1.0313820795216115
1.0164277284068541
1.0436826937931571
1.016427704039407
1.031381933316928
1.0164276553045124
1.0436826694257102
1.0436825232210265
0.9802805210662302
0.9802807403732555
0.9802806916383611
1.016428057367392
1.0313820917053351
1.016427898978985
1.0164277527743015
1.0313820551541641
1.0164277649580251
1.0436826816094336
1.0164277649580251
1.0313821404402297
1.0164279233464322
1.0436825597721975
1.043682571955921
0.9802807403732555
0.9802804235964413
0.9802806794546375
1.0164279355301558
1.0313821891751243
1.0164279111627086
1.0164280329999449
1.0313821648076769
1.0164280329999449
1.0436826694257102
1.0164278015091959
1.0313819576843752
1.0164278502440904
1.0436827547117755
1.0436826206908154
0.9802806672709137
0.9802805210662302
0.9802803870452704
1.0164277284068541
1.0313820795216115
1.0164277527743015
1.0164277649580251
1.0313819942355462
1.0164277162231306
1.0436825232210265
1.0164276553045124
1.031381933316928
1.016427704039407
1.0436826694257102
1.0436826937931571
0.9802806916383611
0.9802807403732555
0.9802805210662302
1.0164277649580251
1.0313820551541641
1.0164277527743015
1.016427898978985
1.0313820917053351
1.016428057367392
1.043682571955921
1.0164279233464322
1.0313821404402297
1.0164277649580251
1.0436825597721975
1.0436826816094336
0.980280496698783
0.9802806307197428
0.9802803748615466
1.0164277527743015
1.0313819820518224
1.016427667488236
1.016427862427814
1.0313820551541641
1.0164278258766433
1.0436826450582628
1.0164277284068541
1.03138187239831
1.0164277284068541
1.04368253540475
1.0436824501186848
0.9802805698011248
0.9802807038220845
0.9802804723313358
1.0164277162231306
1.03138187239831
1.0164277284068541
1.0164277649580251
1.03138187239831
1.0164277771417487
1.043682511037303
1.0164277527743015
1.0313820917053351
1.0164277893254723
1.0436823526488956
1.043682511037303
0.9802805210662302
0.9802805332499539
0.9802805210662302
1.0164279842650503
1.0313822500937424
1.0164279598976032
1.0164278502440904
1.0313819576843752
1.016427862427814
1.0436827790792227
1.0164278502440904
1.0313819942355462
1.0164279111627086
1.0436827547117755
1.04368253540475
0.9802805576174011
0.9802807160058084
0.9802804114127176
1.0164279477138793
1.0313823231960841
1.0164280086324975
1.0164278136929197
1.0313819211332045
1.0164276065696178
1.0436828399978408
1.0164275943858943
1.0313818114796918
1.016427740590578
1.0436828278141173
1.0436824988535793
0.9802805698011248
0.9802806672709137
0.9802805210662302
1.016427862427814
1.0313822500937424
1.016428057367392
1.016427898978985
1.0313820429704406
1.0164277893254723
1.0436827181606045
1.016427862427814
1.0313819455006517
1.0164278502440904
1.043682742528052
1.0436825475884737
0.9802802773917577
0.9802806550871901
0.9802805454336775
1.0164278746115376
1.031382225726295
1.0164280086324975
1.0164278746115376
1.031382030786717
1.0164277162231306
1.0436826206908154
1.0164276796719596
1.0313818480308627
1.0164277162231306
1.0436826572419864
1.0436824013837902
0.9802805454336775
0.980280399228994
0.9802805210662302
1.0164279111627086
1.0313822135425714
1.016427898978985
1.0164277527743015
1.031381896765757
1.016427740590578
1.043682705976881
1.0164277162231306
1.031382030786717
1.0164279111627086
1.04368253540475
1.0436823648326192
