0.9290323132928567
0.9290324322502701
0.9290325660773602
0.9290324173805934
0.9290326850347735
0.9290326106863901
0.92903220920512
0.9290324917289768
0.9290324173805934
0.9290324322502701
0.9290325660773602
0.9290326255560669
0.9323489128912206
0.9675811495795461
1.000550766699942
1.0205096149951023
1.0271926176955617
1.0205096149951023
1.000550655177367
0.9675811495795461
0.9323489624568094
0.9323488633256317
0.9675811619709432
1.0005508906139142
1.020509664560691
1.0271928283493146
1.020509763691869
1.0005508410483255
0.9675811371881488
0.9323490491965901
0.9323488633256317
0.9675811124053544
1.0005508782225172
1.02050971412628
1.0271927292181366
1.0205097513004715
1.0005508906139142
0.9675811371881488
0.9323491483277678
0.9323489128912206
0.9675811000139571
1.0005507295257505
1.0205095282553216
1.0271926176955617
1.0205096273864993
1.0005507171343533
0.9675811495795461
0.9323489500654122
0.9323489872396039
0.9675813478419016
1.000550915396709
1.0205095158639244
1.0271926053041645
1.020509664560691
1.000550927788106
0.9675810628397654
0.9323488509342344
0.9323488757170288
0.9675813602332989
1.00055108887627
1.0205098008660607
1.0271926176955617
1.0205096769520883
1.0005510269192839
0.9675812858849154
0.9323489500654122
0.9323492350675485
0.9675812734935183
1.000550766699942
1.020509664560691
1.0271929274804923
1.0205097884746632
1.0005508410483255
0.9675812487107238
0.9323490739793845
0.9323490491965901
0.9675812115365321
1.0005510145278866
1.0205097884746632
1.0271926176955617
1.0205098876058412
1.0005511012676673
0.9675812982763128
0.9323490491965901
0.9323490863707817
0.9675813230591072
1.000550915396709
1.0205097017348828
1.0271928283493146
1.0205097389090745
1.000550816265531
0.9675812239279294
0.9323492598503428
0.932348999631001
0.9675813478419016
1.0005510021364894
1.02050971412628
1.0271928283493146
1.020509825648855
1.000550915396709
0.9675812239279294
0.932348937674015
0.9323489624568094
0.9675811619709432
1.0005509401795034
1.0205097265176772
1.0271925557385755
1.0205096769520883
1.0005509649622977
0.9675811619709432
0.9323487889772484
0.9323488385428372
0.967581038056971
1.0005508782225172
1.0205095778209106
1.0271927292181366
1.0205096273864993
1.0005507914827365
0.9675810876225599
0.9323490244137956
0.9323489872396039
0.9675811867537377
1.0005509030053117
1.0205096521692938
1.027192679652548
1.020509565429513
1.0005508534397227
0.9675810008827793
0.932348776585851
0.9323489128912206
0.9675811619709432
1.0005509897450922
1.02050971412628
1.0271925433471782
1.0205096026037048
1.0005508038741338
0.9675810628397654
0.9323489500654122
0.9323489872396039
0.967581199145135
1.0005508410483255
1.0205094662983354
1.027192468998795
1.0205094167327464
1.000550754308545
0.9675810504483682
0.9323489748482067
0.9323489872396039
0.9675812611021212
1.0005508038741338
1.0205093919499522
1.027192530955781
1.0205096026037048
1.000550704742956
0.9675809884913821
0.932348776585851
0.9323489128912206
0.9675812115365321
1.0005509897450922
1.0205097017348828
1.0271924566073978
1.0205096273864993
1.0005508410483255
0.9675810876225599
0.9323489500654122
0.9323489872396039
0.9675812115365321
1.00055086583112
1.0205094910811299
1.027192481390192
1.0205094539069381
1.0005507914827365
0.9675810876225599
0.9323489748482067
0.9323489624568094
0.9675812363193266
1.0005509649622977
1.0205096893434855
1.0271924566073978
1.0205096893434855
1.000550927788106
0.9675812115365321
0.9323487889772484
0.9323488385428372
0.9675810256655737
1.0005507295257505
1.0205095902123078
1.0271925929127672
1.0205093671671577
1.0005506799601616
0.9675811619709432
0.9323490244137956
0.9323491483277678
0.96758131066771
1.0005509030053117
1.0205098132574577
1.0271928159579171
1.0205097017348828
1.0005508782225172
0.9675812487107238
0.9323490739793845
0.9323489872396039
0.9675812982763128
1.000551150833256
1.02050993717143
1.0271926300869587
1.0205097513004715
1.0005509649622977
0.9675812115365321
0.9323489872396039
0.932348999631001
0.9675813354505045
1.0005508906139142
1.020509825648855
1.0271929026976978
1.0205096893434855
1.0005506675687643
0.9675811867537377
0.9323491855019594
0.932348999631001
0.9675813478419016
1.0005510764848726
1.020509763691869
1.0271926300869587
1.0205097884746632
1.0005509649622977
0.9675812239279294
0.9323488757170288
0.9323488757170288
0.9675813602332989
1.0005510393106811
1.0205098628230467
1.0271927911751229
1.0205097265176772
1.0005509525709004
0.9675812858849154
0.9323489500654122
0.9323489500654122
0.9675810504483682
1.0005507295257505
1.0205094786897326
1.0271926176955617
1.0205096273864993
1.0005507171343533
0.9675811495795461
0.9323489624568094
0.9323490120223984
0.9675812734935183
1.0005509649622977
1.0205096397778965
1.0271926300869587
1.0205097265176772
1.00055086583112
0.9675810008827793
0.9323489128912206
0.9323491359363706
0.9675812734935183
1.0005509649622977
1.0205098008660607
1.0271927292181366
1.0205096273864993
1.0005508906139142
0.9675810504483682
0.9323489500654122
0.932348937674015
0.9675812858849154
1.0005507914827365
1.0205096273864993
1.027192530955781
1.020509553038116
1.0005508038741338
0.9675810628397654
0.9323489128912206
0.9323489872396039
0.9675813478419016
1.000550915396709
1.0205095034725271
1.0271925557385755
1.0205096026037048
1.0005509030053117
0.9675810628397654
0.9323489004998233
0.9622527744238631
0.9622528983378356
0.9622529850776161
0.9887925450891326
1.0122946514641606
1.0259494383774381
1.0259494383774381
1.0122944284190107
0.9887923220439826
0.9960877819437481
0.988792507914941
1.0122949240748997
1.0259498596849437
0.9960875093330092
0.9960879182491177
1.0259494383774381
1.0122946762469551
0.9887926937858994
1.0123892349991888
1.0197175568843986
1.0123893713045584
0.9887926566117077
1.0122947134211469
1.025949376420452
1.0123894704357363
1.019717532101604
1.0123891606508055
1.0226969320420873
1.025949376420452
1.0122945895071747
0.9887925698719271
1.0123893217389694
1.0197174453618234
1.0123891978249973
1.0226969816076765
1.0226969320420873
0.9622528983378356
0.9622531213829856
0.9622529974690133
0.9887926566117077
1.0122947505953386
1.0259496242483965
1.0259496118569993
1.012294725812544
0.9887927185686939
0.996087992597501
0.9887926813945022
1.0122947877695303
1.0259494507688354
0.9960880421630899
0.9960876332469814
1.0259494755516299
1.0122945275501884
0.98879255748053
1.012389284564778
1.0197175197102069
1.0123892473905862
0.9887924707407493
1.012294601898572
1.0259497357709715
1.0123890986938195
1.0197171107940983
1.0123890615196278
1.0226969444334848
1.025949537508616
1.0122946390727636
0.9887925326977355
1.0123893217389694
1.0197175197102069
1.0123892721733805
1.022696746171129
1.022696857693704
0.9622528611636438
0.9622529974690133
0.9622529974690133
0.988792507914941
1.012294725812544
1.0259495003344243
1.0259493516376577
1.0122944532018052
0.9887925203063382
0.9960878439007342
0.9887926318289133
1.0122948497265163
1.0259495746828076
0.996087558898598
0.996087558898598
1.0259494631602326
1.0122947134211469
0.9887926318289133
1.012389135868011
1.019717259490865
1.0123889376056554
0.9887925203063382
1.0122945895071747
1.0259496118569993
1.0123888880400667
1.0197169744887289
1.0123888260830805
1.0226965850829652
1.0259494755516299
1.012294552332983
0.9887924211751604
1.0123890491282306
1.019717420579029
1.0123891978249973
1.0226965107345818
1.0226964983431845
0.9622528487722466
0.9622529850776161
0.9622530594259995
0.9887925698719271
1.0122947505953386
1.0259494012032464
1.025949537508616
1.0122945771157774
0.9887924831321466
0.996087943031912
0.9887925450891326
1.0122946390727636
1.025949549900013
0.9960876704211731
0.9960880049888982
1.0259493392462602
1.012294552332983
0.9887926442203105
1.0123891978249973
1.0197173957962347
1.0123893589131612
0.9887927185686939
1.0122949240748997
1.0259495746828076
1.0123892226077917
1.0197172347080705
1.0123889995626416
1.0226969444334848
1.0259496366397938
1.0122947382039413
0.98879255748053
1.0123892721733805
1.0197175692757956
1.012389396087353
1.022696857693704
1.0226967957367181
0.9622527124668772
0.9622530718173966
0.9622528859464382
0.9887924707407493
1.0122947629867358
1.025949710988177
1.025949376420452
1.0122944408104078
0.9887925326977355
0.9960878191179398
0.9887925698719271
1.012294837335119
1.0259495746828076
0.9960877199867619
0.9960877199867619
1.0259493888118492
1.0122945771157774
0.988792507914941
1.0123895571755168
1.0197176560155763
1.0123892597819835
0.9887924335665577
1.012294490375997
1.0259494755516299
1.0123893836959557
1.0197173214478512
1.0123892349991888
1.0226971426958402
1.0259493392462602
1.0122944532018052
0.9887923344353798
1.0123894580443389
1.0197176064499873
1.012389396087353
1.0226969939990735
1.022697068347457
0.9622527124668772
0.9622529479034244
0.9622529479034244
0.9887925326977355
1.0122945895071747
1.025949810119355
1.0259495251172186
1.0122946886383524
0.9887926318289133
0.9960875960727897
0.9887925946547217
1.012294775378133
1.0259494755516299
0.9960878439007342
0.9960879182491177
1.0259493640290547
1.0122947629867358
0.9887926070461188
1.0123895076099279
1.0197178418865347
1.0123892226077917
0.9887925822633243
1.0122944655932022
1.025949054244124
1.0123890615196278
1.0197173710134402
1.0123892226077917
1.0226971303044432
1.025948831198974
1.0122942053738606
0.9887923716095716
1.0123893093475722
1.0197172223166733
1.0123887889088887
1.0226968948678958
1.022697018781868
0.962252762032466
0.9622528239894522
0.9622529107292327
0.9887925946547217
1.0122947877695303
1.0259496242483965
1.025949314463466
1.0122945895071747
0.9887926566117077
0.9960878686835286
0.988792619437516
1.012294601898572
1.0259492896806715
0.9960880049888982
0.9960878067265426
1.0259492772892742
1.0122944036362163
0.9887924831321466
1.0123894208701472
1.0197174453618234
1.0123893217389694
0.9887925326977355
1.012294725812544
1.025949537508616
1.0123892349991888
1.0197174329704262
1.0123892226077917
1.0226967957367181
1.0259494259860409
1.0122944779845995
0.9887924087837633
1.0123891978249973
1.0197174825360151
1.0123892597819835
1.0226967957367181
1.0226968453023069
0.9622528611636438
0.9622531833399717
0.9622528239894522
0.9887925822633243
1.0122946886383524
1.0259496614225883
1.0259494383774381
1.0122943664620245
0.9887923840009688
0.9960879058577203
0.9887925822633243
1.0122947010297496
1.0259494507688354
0.9960876208555842
0.9960877075953648
1.0259494259860409
1.0122945771157774
0.9887924955235438
1.0123891978249973
1.0197174081876317
1.0123889623884499
0.9887924831321466
1.0122946638555579
1.025949326854863
1.0123889376056554
1.0197171975338788
1.0123889995626416
1.0226965107345818
1.0259491781580963
1.0122944532018052
0.9887924955235438
1.0123889995626416
1.0197170736199066
1.0123889499970526
1.022696523125979
1.0226964859517873
0.9622529107292327
0.9622528611636438
0.9622528487722466
0.9887925326977355
1.012294552332983
1.0259492029408908
1.0259491285925075
1.0122945275501884
0.9887924955235438
0.9960876952039676
0.9887926937858994
1.0122947010297496
1.0259494755516299
0.9960879182491177
0.9960877819437481
1.0259494507688354
1.0122945399415857
0.9887924335665577
1.0123891234766138
1.0197173957962347
1.0123892349991888
0.9887925326977355
1.0122946762469551
1.0259494879430269
1.0123892349991888
1.0197175073188096
1.0123891730422028
1.0226968453023069
1.0259494135946436
1.0122945275501884
0.9887925450891326
1.0123891854336
1.0197174577532206
1.0123891730422028
1.0226968824764986
1.0226968081281151
0.9622529602948215
0.9622530966001911
0.9622528983378356
0.9887924831321466
1.0122946514641606
1.0259495251172186
1.0259494012032464
1.0122945895071747
0.988792507914941
0.9960876208555842
0.9887925822633243
1.0122946638555579
1.0259492896806715
0.9960878067265426
0.996087831509337
1.0259492029408908
1.0122944532018052
0.9887925326977355
1.012389024345436
1.0197173338392485
1.012389086302422
0.9887925822633243
1.0122946514641606
1.0259495251172186
1.0123890367368333
1.0197170488371121
1.0123889004314637
1.022696523125979
1.0259495003344243
1.0122944655932022
0.9887924583493521
1.0123890615196278
1.0197172842736595
1.0123889747798471
1.022696523125979
1.022696461168993
0.9622528611636438
0.9622531833399717
0.9622528611636438
0.9887925822633243
1.0122946638555579
1.0259495622914103
1.0259494135946436
1.012294490375997
0.9887924583493521
0.996087831509337
0.9887924831321466
1.012294725812544
1.0259494012032464
0.9960876952039676
0.9960878562921315
1.0259494012032464
1.0122945895071747
0.9887925203063382
1.0123890615196278
1.0197172842736595
1.012389024345436
0.9887925203063382
1.012294601898572
1.0259493020720685
1.012389073911025
1.019717247099468
1.0123891606508055
1.0226964859517873
1.0259491657666993
1.0122945151587912
0.9887925326977355
1.0123890615196278
1.0197170860113038
1.0123889747798471
1.0226965107345818
1.0226965107345818
0.9622528487722466
0.9622529107292327
0.9622528611636438
0.9887925326977355
1.0122946638555579
1.0259495251172186
1.0259494012032464
1.0122945647243802
0.9887925450891326
0.9960877819437481
0.9887925326977355
1.0122946142899691
1.0259492525064797
0.9960876952039676
0.9960879182491177
1.0259490790269186
1.0122944779845995
0.9887924955235438
1.0123891854336
1.0197174577532206
1.0123891730422028
0.9887926937858994
1.0122946762469551
1.0259494879430269
1.0123891234766138
1.0197173957962347
1.0123892349991888
1.0226968081281151
1.0259494012032464
1.0122945647243802
0.9887924335665577
1.0123892349991888
1.0197175073188096
1.0123891730422028
1.0226968453023069
1.0226968824764986
0.9622528611636438
0.9622531213829856
0.9622529602948215
0.9887924831321466
1.0122946266813662
1.0259493640290547
1.0259492029408908
1.0122944779845995
0.98879255748053
0.9960877075953648
0.98879255748053
1.0122947505953386
1.0259495870742048
0.9960878934663231
0.996087558898598
1.0259495622914103
1.0122943788534218
0.9887923220439826
1.0123889747798471
1.019717098402701
1.0123889499970526
0.9887925822633243
1.0122947010297496
1.025949549900013
1.0123892226077917
1.0197173957962347
1.0123889995626416
1.022696461168993
1.0259494135946436
1.0122945771157774
0.9887924955235438
1.0123889376056554
1.0197171975338788
1.0123889995626416
1.022696523125979
1.022696523125979
0.9622528859464382
0.9622529479034244
0.9622527124668772
0.9887925326977355
1.012294725812544
1.025949549900013
1.025949376420452
1.012294502767394
0.9887924211751604
0.9960878067265426
0.9887925326977355
1.012294886900708
1.0259495746828076
0.9960877695523509
0.9960880049888982
1.0259493640290547
1.0122945895071747
0.9887926566117077
1.0123891978249973
1.0197174825360151
1.0123891978249973
0.988792619437516
1.012294552332983
1.0259492896806715
1.0123894456529419
1.0197173957962347
1.0123893217389694
1.0226968453023069
1.0259492896806715
1.0122945151587912
0.9887924831321466
1.0123892349991888
1.0197174329704262
1.0123892226077917
1.0226967957367181
1.0226967957367181
0.9622529726862189
0.9622528239894522
0.9622527992066577
0.9887925822633243
1.0122943788534218
1.025949054244124
1.0259488188075767
1.0122942425480523
0.9887923716095716
0.9960879802061037
0.9887925326977355
1.0122946390727636
1.025949599465602
0.9960876952039676
0.996087881074926
1.025949649031191
1.0122946142899691
0.9887925698719271
1.012389396087353
1.0197171975338788
1.0123888756486694
0.9887924831321466
1.0122946638555579
1.0259494631602326
1.012389396087353
1.019717581667193
1.0123893589131612
1.022697068347457
1.0259493392462602
1.0122947134211469
0.9887926070461188
1.0123892102163945
1.0197173834048372
1.012389284564778
1.022696956824882
1.0226968824764986
0.9622530098604106
0.962253084208794
0.9622527496410689
0.98879255748053
1.0122945647243802
1.0259495746828076
1.0259494012032464
1.0122946514641606
0.9887926442203105
0.9960876704211731
0.9887927185686939
1.0122949736404887
1.0259495251172186
0.9960880049888982
0.9960879554233093
1.0259496738139853
1.0122947010297496
0.98879255748053
1.0123892226077917
1.0197172347080705
1.0123889995626416
0.9887925822633243
1.0122946886383524
1.0259493888118492
1.0123892721733805
1.0197175692757956
1.012389396087353
1.022696857693704
1.0259495127258214
1.0122945771157774
0.9887924831321466
1.0123892349991888
1.0197174329704262
1.0123893589131612
1.0226967957367181
1.0226969444334848
0.9622530594259995
0.9622530594259995
0.9622526381184938
0.9887926937858994
1.012294936466297
1.025949599465602
1.025949537508616
1.0122947877695303
0.9887926318289133
0.9960877571609537
0.9887925203063382
1.0122946638555579
1.0259495622914103
0.9960875465072009
0.9960878934663231
1.0259494879430269
1.0122945895071747
0.9887924955235438
1.0123890119540389
1.0197169744887289
1.012388801300286
0.9887925698719271
1.0122946514641606
1.0259493516376577
1.0123889499970526
1.0197174081876317
1.012389086302422
1.0226967709539236
1.0259490666355213
1.0122943540706273
0.9887925698719271
1.0123889871712444
1.0197172966650567
1.0123890367368333
1.0226965107345818
1.022696733779732
0.962253195731369
0.9622530470346022
0.9622527744238631
0.9887926813945022
1.0122946638555579
1.0259494012032464
1.0259494507688354
1.0122945895071747
0.9887925203063382
0.9960880421630899
0.9887924707407493
1.0122946762469551
1.0259496738139853
0.9960876208555842
0.9960879058577203
1.0259495251172186
1.0122945647243802
0.9887925450891326
1.0123890986938195
1.0197171107940983
1.0123890615196278
0.9887926318289133
1.012294775378133
1.0259496985967798
1.0123893341303667
1.0197175197102069
1.0123892597819835
1.022696746171129
1.0259495622914103
1.0122947877695303
0.9887927185686939
1.0123893093475722
1.019717532101604
1.0123892473905862
1.022696857693704
1.0226969444334848
0.9622529355120272
0.9622530470346022
0.9622526876840827
0.988792507914941
1.0122948125523246
1.0259498596849437
1.0259494135946436
1.0122947382039413
0.988792669003105
0.9960875093330092
0.9887926566117077
1.0122946886383524
1.0259494012032464
0.996087881074926
0.9960877943351453
1.025949376420452
1.0122945895071747
0.9887925450891326
1.0123894704357363
1.019717532101604
1.0123891606508055
0.9887925822633243
1.0122946762469551
1.0259494012032464
1.0123893093475722
1.0197174701446179
1.0123892102163945
1.0226969816076765
1.0259493888118492
1.012294502767394
0.9887923220439826
1.0123892349991888
1.0197175568843986
1.0123893713045584
1.0226969320420873
1.0226969320420873
0.9622529850776161
0.9622528983378356
0.9622527124668772
0.9887926070461188
1.0122948125523246
1.0259495870742048
1.0259494135946436
1.0122947010297496
0.988792507914941
0.9960877323781593
0.9887924335665577
1.012294490375997
1.0259494755516299
0.9960877199867619
0.996087831509337
1.0259493392462602
1.0122944532018052
0.9887923344353798
1.0123893836959557
1.0197173214478512
1.0123892349991888
0.9887924707407493
1.0122947629867358
1.0259496985967798
1.0123894580443389
1.0197176064499873
1.012389396087353
1.0226969939990735
1.0259493888118492
1.0122944408104078
0.988792507914941
1.0123895819583113
1.0197176807983708
1.0123893093475722
1.022697068347457
1.0226971426958402
