0.9288022492557865
0.9288021413614184
0.928802285220576
0.9288017817135242
0.928801853643103
0.9288020514494448
0.9288019435550765
0.9288019975022608
0.9288021413614184
0.9288021413614184
0.928802285220576
0.9288018176783137
0.9315472078605062
0.9645439131147013
0.9970864130492754
1.0189795889855398
1.0299864929025824
1.0299861182693595
1.018979544029553
0.9970863231373018
0.9645439430853592
0.9315473277431375
0.9315473127578086
0.9645438531733856
0.9970863081519729
1.0189795889855398
1.0299864779172536
1.0299861632253462
1.0189796788975134
0.9970864580052622
0.9645440329973327
0.9315472078605062
0.9315473127578086
0.9645438531733856
0.9970863081519729
1.0189795889855398
1.0299864779172536
1.0299861632253462
1.0189796788975134
0.9970864580052622
0.9645440329973327
0.9315473277431375
0.9315472078605062
0.9645439131147013
0.9970864130492754
1.0189795889855398
1.0299864929025824
1.0299861182693595
1.018979544029553
0.9970863231373018
0.9645439430853592
0.9315472678018217
0.9315470729925458
0.9645437932320698
0.9970861732840125
1.0189797088681711
1.0299862831079776
1.0299860733133726
1.0189795590148818
0.9970862332253283
0.9645439131147013
0.9315472678018217
0.9315472078605062
0.9645438531733856
0.9970863381226307
1.0189794541175794
1.0299861482400172
1.0299858635187678
1.018979349220277
0.9970859634894077
0.9645437332907543
0.9315471029632038
0.9315470580072169
0.9645440180120037
0.9970861732840125
1.0189796189561977
1.0299860283573858
1.0299861032840305
1.0189796489268554
0.997086293166644
0.9645440180120037
0.9315473427284664
0.9315474026697821
0.9645439730560169
0.9970859634894077
1.0189792293376456
1.029986417975938
1.0299861931960042
1.0189790944696853
0.9970859485040787
0.9645440030266749
0.9315473427284664
0.9315474326404399
0.9645440030266749
0.9970862482106572
1.0189796938828422
1.0299862231666619
1.0299858934894255
1.0189794541175794
0.9970861732840125
0.9645441378946351
0.9315471179485326
0.9315471179485326
0.9645436883347674
0.9970859634894077
1.0189794091615927
1.029986013372057
1.0299859684160702
1.0189794691029084
0.9970863381226307
0.9645439430853592
0.9315471928751773
0.9315471629045193
0.9645438531733856
0.9970862482106572
1.0189796189561977
1.0299862831079776
1.0299862681226486
1.018979529044224
0.9970862182399993
0.9645439131147013
0.9315473577137953
0.9315473427284664
0.9645438981293725
0.9970863531079596
1.0189797238535
1.0299862681226486
1.0299859684160702
1.0189794691029084
0.9970862482106572
0.9645439281000302
0.9315469531099144
0.931546848212612
0.9645438082173989
0.9970862781813151
1.0189797388388289
1.0299861182693595
1.0299860882987015
1.0189797088681711
0.9970863531079596
0.964543958070688
0.9315473277431375
0.9315471928751773
0.9645438831440434
0.9970862032546705
1.0189796938828422
1.0299864779172536
1.0299860283573858
1.0189794840882374
0.997086263195986
0.9645439131147013
0.9315471928751773
0.9315473127578086
0.9645439281000302
0.9970863381226307
1.0189796489268554
1.0299862531373196
1.0299861032840305
1.0189795889855398
0.997086293166644
0.964543958070688
0.9315474476257688
0.931546848212612
0.9645438082173989
0.9970862781813151
1.0189797388388289
1.0299861182693595
1.0299860882987015
1.0189797088681711
0.9970863531079596
0.964543958070688
0.9315473277431375
0.9315471928751773
0.9645438831440434
0.9970862032546705
1.0189796938828422
1.0299864779172536
1.0299860283573858
1.0189794840882374
0.997086263195986
0.9645439131147013
0.9315471928751773
0.9315473127578086
0.9645439281000302
0.9970863381226307
1.0189796489268554
1.0299862531373196
1.0299861032840305
1.0189795889855398
0.997086293166644
0.964543958070688
0.9315474476257688
0.9315471629045193
0.9645438531733856
0.9970862482106572
1.0189796189561977
1.0299862831079776
1.0299862681226486
1.018979529044224
0.9970862182399993
0.9645439131147013
0.9315473577137953
0.9315473427284664
0.9645438981293725
0.9970863531079596
1.0189797238535
1.0299862681226486
1.0299859684160702
1.0189794691029084
0.9970862482106572
0.9645439281000302
0.9315469531099144
0.9315471479191905
0.9645440180120037
0.9970861732840125
1.0189796189561977
1.0299860283573858
1.0299861032840305
1.0189796489268554
0.997086293166644
0.9645440180120037
0.9315473427284664
0.9315474026697821
0.9645439730560169
0.9970859634894077
1.0189792293376456
1.029986417975938
1.0299861931960042
1.0189790944696853
0.9970859485040787
0.9645440030266749
0.9315474026697821
0.9315475075670846
0.9645440030266749
0.9970862482106572
1.0189796938828422
1.0299862231666619
1.0299858934894255
1.0189794541175794
0.9970861732840125
0.9645441378946351
0.9315471928751773
0.9315471179485326
0.9645436883347674
0.9970859634894077
1.0189794091615927
1.029986013372057
1.0299859684160702
1.0189794691029084
0.9970863381226307
0.9645439430853592
0.9315471778898482
0.9315472078605062
0.9645438531733856
0.9970863381226307
1.0189794541175794
1.0299861482400172
1.0299858635187678
1.018979349220277
0.9970859634894077
0.9645437332907543
0.9315471029632038
0.9315471479191905
0.9645439131147013
0.9970864130492754
1.0189795889855398
1.0299864929025824
1.0299861182693595
1.018979544029553
0.9970863231373018
0.9645439430853592
0.9315473277431375
0.9315471778898482
0.9645440030266749
0.9970864580052622
1.0189797987801448
1.0299862381519909
1.0299862381519909
1.0189796039708687
0.9970863231373018
0.9645439131147013
0.931547237831164
0.9315472977724797
0.9645440030266749
0.9970864580052622
1.0189797987801448
1.0299862381519909
1.0299862381519909
1.0189796039708687
0.9970863231373018
0.9645439131147013
0.9315471778898482
0.9315472078605062
0.9645440030266749
0.9970863531079596
1.0189796938828422
1.0299862231666619
1.0299862531373196
1.0189795889855398
0.9970863680932887
0.964543958070688
0.9315471479191905
0.9315470729925458
0.9645437932320698
0.9970861732840125
1.0189797088681711
1.0299862831079776
1.0299860733133726
1.0189795590148818
0.9970862332253283
0.9645439131147013
0.9315472078605062
0.9587623034807327
0.9587623784073773
0.9587621086714567
0.983210448027514
1.0072093024425606
1.0239922414512128
1.0296077387140827
1.02399200168595
1.0072092874572316
0.9886362609968913
0.9832102831888958
0.9832104779981719
1.0072091675746002
0.9886362759822201
0.9886360811729442
1.0239919117739766
1.029606929506321
1.0239918068766742
1.0042722678858522
1.0146844190833157
1.0146844190833157
1.0072090327066399
0.9832101033649487
0.9832101633062645
1.0042723727831546
1.0042722079445365
1.0146838496408168
1.009455033805446
1.0072091076332845
1.023992031656608
1.0296075738754646
1.0146840594354216
1.0042724926657862
1.0042722379151945
1.009455213629393
1.0094556032479451
1.0239920466419368
1.007209182559929
0.9832102682035669
1.0146841193767373
1.0146841643327242
1.0042721629885498
1.0188998220796888
1.0188999869183069
1.0188998670356757
0.958762228554088
0.9587624683193509
0.9587623784073773
0.9832103731008693
1.0072092574865736
1.0239921215685814
1.029607693758096
1.0239919117739766
1.007209212530587
0.9886363509088648
0.9832103131595537
0.9832104030715272
1.0072091975452582
0.9886362609968913
0.9886362759822201
1.0239920616272657
1.0296074390075045
1.02399200168595
1.0042723128418392
1.014684209288711
1.0146842542446977
1.0072090476919688
0.9832103131595537
0.9832103731008693
1.0042724626951283
1.0042724327244703
1.0146840594354216
1.009455063776104
1.0072092574865736
1.023991836847332
1.0296075738754646
1.0146840894060796
1.0042722529005232
1.0042724027538126
1.0094553185266955
1.0094553784680114
1.0239923013925285
1.0072092724719026
0.9832105079688296
1.0146839545381192
1.0146839545381192
1.0042723727831546
1.018899612285084
1.0188996722263994
1.0188994924024524
0.9587621686127724
0.9587625282606664
0.958762438348693
0.983210418056856
1.0072091376039423
1.02399200168595
1.029607693758096
1.023992031656608
1.007209407339863
0.9886360212316284
0.9832103431302116
0.9832104030715272
1.0072091076332845
0.9886361411142598
0.9886361411142598
1.0239920766125947
1.0296073940515176
1.023991836847332
1.0042718632819714
1.0146838496408168
1.014683789699501
1.0072090626772978
0.9832102831888958
0.9832103431302116
1.0042719382086158
1.0042722079445365
1.0146839395527902
1.0094546891428808
1.007209407339863
1.023992031656608
1.0296076637874383
1.0146838646261456
1.0042721629885498
1.0042719382086158
1.0094547340988675
1.0094548389961702
1.023992016671279
1.0072091376039423
0.983210418056856
1.0146837597288432
1.0146838496408168
1.004271908237958
1.0188992676225186
1.0188995073877816
1.0188992526371898
0.958762228554088
0.9587624083780351
0.9587624982900086
0.9832105079688296
1.0072092724719026
1.0239922414512128
1.029607678772767
1.023991851832661
1.007209212530587
0.9886363209382069
0.9832103731008693
0.9832103431302116
1.007209017721311
0.9886361411142598
0.9886362460115622
1.0239922264658838
1.0296074090368466
1.0239918967886477
1.0042722828711812
1.0146841643327242
1.014684179318053
1.0072092425012449
0.9832104030715272
0.9832103131595537
1.0042722678858522
1.0042722529005232
1.014684149347395
1.0094549738641305
1.0072091675746002
1.0239918967886477
1.029607678772767
1.014684149347395
1.004272522636444
1.0042723577978259
1.0094552735707087
1.0094553335120247
1.0239922414512128
1.0072092574865736
0.9832103731008693
1.0146839245674613
1.0146839845087772
1.0042723877684836
1.0188996722263994
1.0188997171823864
1.0188993125785053
0.9587623034807327
0.95876206371547
0.9587624083780351
0.9832102682035669
1.007209212530587
1.023992016671279
1.029607513934149
1.023992031656608
1.0072091076332845
0.988636290967549
0.9832101633062645
0.9832101782915934
1.007209002735982
0.9886360811729442
0.9886362160409045
1.0239919567299633
1.0296070044329657
1.0239918967886477
1.0042723577978259
1.014684149347395
1.0146839545381192
1.0072091525892712
0.9832103281448825
0.9832102831888958
1.0042722379151945
1.0042724926657862
1.014684179318053
1.0094552735707087
1.0072092874572316
1.023991971715292
1.029607708743425
1.0146841643327242
1.0042722678858522
1.0042723128418392
1.0094554833653138
1.0094552735707087
1.0239921815098971
1.007209212530587
0.983210448027514
1.0146842992006844
1.014684389112658
1.0042724027538126
1.0188997321677153
1.0188999869183069
1.0188998070943598
0.9587622884954038
0.95876206371547
0.9587621835981013
0.9832105379394875
1.0072093324132183
1.0239920466419368
1.0296074539928333
1.0239919117739766
1.0072090327066399
0.9886363808795225
0.9832104779981719
0.9832105079688296
1.0072093324132183
0.9886364558061672
0.988636290967549
1.0239922714218708
1.0296074090368466
1.023991821862003
1.0042723577978259
1.0146839845087772
1.0146839545381192
1.007209002735982
0.9832104929835007
0.9832104630128429
1.0042724177391416
1.0042725526071017
1.0146843141860133
1.0094551087320907
1.007209227515916
1.023992196495226
1.0296073790661886
1.0146840444500926
1.0042720131352605
1.0042721480032208
1.009455243600051
1.009454868966828
1.02399200168595
1.0072092425012449
0.9832104330421851
1.0146841343620663
1.0146840894060796
1.0042721180325629
1.018899012871927
1.0188991627252162
1.0188993725198212
0.9587621985834303
0.9587620187594832
0.9587621386421145
0.9832104330421851
1.0072091076332845
1.0239918668179897
1.0296075738754646
1.0239919417446344
1.007209212530587
0.9886364558061672
0.9832105529248163
0.983210448027514
1.0072093174278893
0.9886365007621539
0.9886363509088648
1.0239922414512128
1.0296073940515176
1.0239919567299633
1.0042723128418392
1.0146841643327242
1.0146840594354216
1.0072093473985473
0.9832105679101454
0.9832104779981719
1.0042721629885498
1.0042722379151945
1.0146839095821325
1.009455063776104
1.0072089427946664
1.0239918668179897
1.0296074390075045
1.014684014479435
1.0042722678858522
1.0042719831646028
1.009454868966828
1.0094548989374859
1.0239921365539104
1.0072093773692052
0.9832104779981719
1.0146838945968035
1.0146841643327242
1.0042724926657862
1.0188993425491633
1.0188993425491633
1.0188992376518609
0.9587624982900086
0.9587622735100748
0.9587624683193509
0.9832105379394875
1.0072093174278893
1.0239919867006213
1.0296073640808598
1.0239920915979237
1.007209212530587
0.9886362010555755
0.9832104630128429
0.9832107177634345
1.0072094373105207
0.9886362460115622
0.9886363509088648
1.0239923313631862
1.0296073041395442
1.023992196495226
1.0042721779738788
1.0146841643327242
1.014684194303382
1.0072093024425606
0.9832105079688296
0.9832106428367898
1.0042722229298655
1.0042723428124969
1.0146839395527902
1.0094549738641305
1.0072093024425606
1.0239921365539104
1.0296073640808598
1.0146841043914083
1.0042722828711812
1.0042721629885498
1.0094548240108412
1.0094549588788013
1.023991971715292
1.0072093024425606
0.9832104929835007
1.0146839545381192
1.0146839245674613
1.0042721779738788
1.0188996422557417
1.018899417475808
1.018899432461137
0.9587624683193509
0.9587621536274435
0.9587622435394171
0.9832102682035669
1.0072091376039423
1.0239917319500296
1.0296072891542152
1.023991821862003
1.0072088978386795
0.9886361860702466
0.9832102532182381
0.983210448027514
1.007209407339863
0.9886360811729442
0.9886360212316284
1.023992211480555
1.0296074539928333
1.0239918068766742
1.004271893252629
1.0146837597288432
1.014683789699501
1.0072090926479556
0.9832103431302116
0.9832103880861983
1.0042718183259847
1.0042719831646028
1.0146838796114745
1.0094547490841965
1.0072091226186135
1.0239919867006213
1.0296074390075045
1.0146837747141721
1.004271923223287
1.0042720431059184
1.0094547940401835
1.0094547790548543
1.0239921065832525
1.007209392354534
0.9832103731008693
1.0146837597288432
1.0146838646261456
1.0042719981499317
1.0188994624317946
1.018899432461137
1.01889938750515
0.9587625282606664
0.9587623334513906
0.9587624683193509
0.9832104630128429
1.0072091226186135
1.0239921065832525
1.0296074839634912
1.0239920915979237
1.007209392354534
0.9886361411142598
0.9832105529248163
0.9832105679101454
1.0072092724719026
0.9886362010555755
0.9886363509088648
1.023992016671279
1.0296074090368466
1.0239920616272657
1.00427229785651
1.0146841343620663
1.0146839845087772
1.0072093473985473
0.9832105978808031
0.9832105978808031
1.0042721629885498
1.0042721180325629
1.0146839845087772
1.0094550937467617
1.0072092425012449
1.0239921515392392
1.0296073790661886
1.0146839395527902
1.0042721779738788
1.0042723428124969
1.0094549139228146
1.0094549888494593
1.0239921815098971
1.0072091975452582
0.9832105828954742
1.0146841343620663
1.014684014479435
1.00427229785651
1.018899612285084
1.018899567329097
1.018899597299755
0.9587624683193509
0.9587622735100748
0.9587624982900086
0.9832105079688296
1.0072092574865736
1.0239921515392392
1.0296072891542152
1.023992211480555
1.0072093324132183
0.9886363509088648
0.9832107177634345
0.9832104630128429
1.0072091226186135
0.9886361411142598
0.9886362010555755
1.0239920466419368
1.0296073341102019
1.0239920616272657
1.0042723428124969
1.0146841343620663
1.014684014479435
1.007209407339863
0.9832105379394875
0.9832104929835007
1.00427229785651
1.00427229785651
1.0146841343620663
1.0094549888494593
1.0072093024425606
1.0239919567299633
1.0296073790661886
1.0146839845087772
1.0042721629885498
1.0042721180325629
1.0094550937467617
1.0094549139228146
1.0239921215685814
1.0072092874572316
0.9832106428367898
1.0146839845087772
1.0146839395527902
1.0042721779738788
1.018899597299755
1.018899612285084
1.018899567329097
0.9587622435394171
0.9587621536274435
0.9587624683193509
0.9832103431302116
1.0072091376039423
1.0239919117739766
1.0296074539928333
1.023992211480555
1.007209407339863
0.9886360212316284
0.983210448027514
0.9832102532182381
1.007209017721311
0.9886361860702466
0.9886360811729442
1.023991851832661
1.0296072891542152
1.0239917019793716
1.0042720431059184
1.0146837597288432
1.0146838646261456
1.007209017721311
0.9832102682035669
0.9832103731008693
1.0042719981499317
1.004271893252629
1.0146837597288432
1.0094547790548543
1.007209392354534
1.0239921065832525
1.0296074390075045
1.014683789699501
1.0042718183259847
1.0042719831646028
1.0094547490841965
1.0094547940401835
1.0239918818033187
1.0072090776626266
0.9832103880861983
1.0146838796114745
1.0146837747141721
1.004271923223287
1.01889938750515
1.0188994624317946
1.018899432461137
0.9587624683193509
0.9587623334513906
0.9587625282606664
0.9832105978808031
1.007209362383876
1.0239920766125947
1.0296073940515176
1.023992031656608
1.0072092724719026
0.9886363509088648
0.9832105679101454
0.9832105529248163
1.0072093024425606
0.9886362010555755
0.9886362460115622
1.023992016671279
1.029607513934149
1.0239921515392392
1.0042721629885498
1.0146839545381192
1.0146839245674613
1.007209212530587
0.9832104630128429
0.9832105828954742
1.0042721779738788
1.0042721779738788
1.0146841643327242
1.0094549588788013
1.0072093024425606
1.0239923013925285
1.0296073940515176
1.014684194303382
1.0042722229298655
1.0042723428124969
1.0094549738641305
1.0094548240108412
1.023992196495226
1.0072092874572316
0.9832105978808031
1.0146839395527902
1.0146841043914083
1.0042722828711812
1.018899432461137
1.0188996422557417
1.018899417475808
0.9587621835981013
0.95876206371547
0.9587622884954038
0.9832104929835007
1.0072089877506532
1.0239917769060163
1.02960749894882
1.0239922714218708
1.0072093324132183
0.9886363509088648
0.9832105079688296
0.9832104779981719
1.0072090327066399
0.9886364558061672
0.9886365007621539
1.0239918967886477
1.0296075588901357
1.0239919267593054
1.0042719831646028
1.0146838945968035
1.0146841643327242
1.0072093324132183
0.9832105379394875
0.9832104330421851
1.0042724926657862
1.0042723128418392
1.0146841643327242
1.0094548989374859
1.007209407339863
1.0239921665245684
1.0296074240221753
1.0146840594354216
1.0042721629885498
1.0042722379151945
1.009455063776104
1.009454868966828
1.023992196495226
1.007209227515916
0.9832104630128429
1.0146839095821325
1.014684014479435
1.0042722678858522
1.0188992376518609
1.0188993425491633
1.0188993425491633
0.9587621386421145
0.9587620187594832
0.9587621985834303
0.9832105679101454
1.0072093473985473
1.0239919567299633
1.0296073490955309
1.0239920766125947
1.0072091525892712
0.988636290967549
0.983210448027514
0.9832105529248163
1.007209212530587
0.9886363808795225
0.9886364558061672
1.0239920616272657
1.0296074689781622
1.0239918818033187
1.0042721480032208
1.0146841343620663
1.0146840894060796
1.0072091076332845
0.9832104330421851
0.9832104779981719
1.0042721180325629
1.0042723577978259
1.0146839845087772
1.009454868966828
1.0072093773692052
1.0239921365539104
1.0296073490955309
1.0146839545381192
1.0042724177391416
1.0042725526071017
1.0094551087320907
1.009455243600051
1.0239919117739766
1.0072089577799952
0.9832104779981719
1.0146843141860133
1.0146840444500926
1.0042720131352605
1.0188993725198212
1.018899012871927
1.0188991627252162
0.9587623784073773
0.9587624233633641
0.9587622884954038
0.9832103131595537
1.0072090476919688
1.0239921515392392
1.029607528919478
1.0239921215685814
1.0072092425012449
0.9886361411142598
0.9832104030715272
0.9832104030715272
1.0072091076332845
0.9886362460115622
0.9886363209382069
1.023992031656608
1.0296076038461224
1.0239922264658838
1.0042722529005232
1.014684149347395
1.014684149347395
1.0072093024425606
0.9832103731008693
0.9832105079688296
1.004272522636444
1.0042723577978259
1.0146839245674613
1.0094552735707087
1.0072092724719026
1.0239922414512128
1.029607678772767
1.0146839845087772
1.0042723877684836
1.0042722828711812
1.0094553335120247
1.0094549738641305
1.023991851832661
1.007209212530587
0.9832103731008693
1.0146841643327242
1.014684179318053
1.0042722678858522
1.0188997171823864
1.0188993125785053
1.0188996722263994
0.9587623184660615
0.9587624083780351
0.9587622884954038
0.9832102831888958
1.0072090626772978
1.0239919867006213
1.0296073940515176
1.0239919267593054
1.0072091076332845
0.9886361411142598
0.9832104030715272
0.9832104030715272
1.0072093324132183
0.9886361411142598
0.9886360212316284
1.0239921515392392
1.0296075588901357
1.0239919567299633
1.0042722079445365
1.0146839395527902
1.0146838646261456
1.0072091376039423
0.9832103581155405
0.9832103581155405
1.0042721629885498
1.0042719382086158
1.0146837597288432
1.0094547340988675
1.0072091376039423
1.0239919417446344
1.0296075888607936
1.0146838496408168
1.004271908237958
1.0042718632819714
1.0094548389961702
1.0094546891428808
1.0239921515392392
1.0072093324132183
0.9832104030715272
1.0146838496408168
1.014683789699501
1.0042719382086158
1.0188995073877816
1.0188992526371898
1.0188992676225186
0.9587624533340219
0.9587624083780351
0.9587623334513906
0.9832104030715272
1.0072091975452582
1.023991836847332
1.029607319124873
1.0239920766125947
1.007209017721311
0.9886362609968913
0.9832103431302116
0.983210448027514
1.007209227515916
0.9886362759822201
0.9886363509088648
1.023991971715292
1.029607528919478
1.0239922714218708
1.0042724327244703
1.0146840594354216
1.0146840894060796
1.0072093174278893
0.9832104630128429
0.9832103731008693
1.0042722529005232
1.0042724027538126
1.0146839545381192
1.0094553185266955
1.0072093024425606
1.0239921065832525
1.0296076188314516
1.0146839545381192
1.0042723727831546
1.0042723128418392
1.0094553784680114
1.009455063776104
1.0239920466419368
1.0072091525892712
0.9832104030715272
1.014684209288711
1.0146842542446977
1.0042724626951283
1.0188996722263994
1.0188994924024524
1.018899612285084
0.9587623034807327
0.95876206371547
0.9587623784073773
0.9832103281448825
1.0072091525892712
1.0239917469353583
1.0296068995356633
1.0239919567299633
1.007209002735982
0.9886362759822201
0.9832101782915934
0.9832101633062645
1.0072091076332845
0.9886360811729442
0.9886362609968913
1.023992031656608
1.0296075738754646
1.0239920466419368
1.0042722079445365
1.0146838496408168
1.0146840594354216
1.007209182559929
0.9832102682035669
0.9832104030715272
1.0042724926657862
1.0042722379151945
1.0146841193767373
1.009455213629393
1.0072093473985473
1.0239921815098971
1.029607678772767
1.0146841643327242
1.0042721629885498
1.0042722678858522
1.0094556032479451
1.009455033805446
1.0239921365539104
1.007209227515916
0.9832103731008693
1.0146844190833157
1.0146844190833157
1.0042723727831546
1.0188999869183069
1.0188998670356757
1.0188998220796888
0.9587621086714567
0.9587623784073773
0.9587623034807327
0.9832101033649487
1.0072090327066399
1.0239918068766742
1.0296070344036234
1.0239920616272657
1.0072091675746002
0.9886360811729442
0.9832104779981719
0.9832102831888958
1.0072092874572316
0.9886362160409045
0.988636290967549
1.023991971715292
1.029607708743425
1.0239921815098971
1.0042724926657862
1.014684179318053
1.0146841643327242
1.007209212530587
0.983210448027514
0.9832102682035669
1.0042722678858522
1.0042723128418392
1.0146842992006844
1.0094554833653138
1.007209212530587
1.023992016671279
1.029607513934149
1.014684389112658
1.0042724027538126
1.0042723577978259
1.0094552735707087
1.0094552735707087
1.023992031656608
1.0072091076332845
0.9832101633062645
1.014684149347395
1.0146839545381192
1.0042722379151945
1.0188999869183069
1.0188998070943598
1.0188997321677153
