0.9573006465661743
0.9573006465661743
0.9573006875277742
0.957300708008574
0.957300708008574
0.9573006875277742
0.957300708008574
0.957300708008574
0.9573006875277742
0.9573006465661743
0.9573006875277742
0.9573006465661743
1.0170797152036188
1.0170797664056186
1.0170797664056186
1.0170797152036188
1.0170796640016189
1.0170797152036188
1.0170797664056186
1.0170797322709522
1.0170797664056186
1.0170797152036188
1.0170797152036188
1.0170797152036188
1.0170797152036188
1.0170797152036188
1.0170797322709522
1.0170797152036188
1.0170797152036188
1.0170797322709522
1.0170797152036188
1.0170797152036188
1.0170797664056186
1.0170797322709522
1.0170797664056186
1.0170797152036188
1.0170797152036188
1.0170797152036188
1.0170797664056186
1.0170797664056186
1.0170797152036188
1.0170796640016189
