0.9297755983311747
0.9297755792639883
0.9297756364655477
0.9297755220624287
0.9297755220624287
0.9297756364655477
0.9297755220624287
0.9297755220624287
0.9297756364655477
0.9297755792639883
0.9297756364655477
0.9297755983311747
0.9349345593124792
0.9753821315840653
1.0067461279892775
1.0172757751685633
1.0067460008747011
0.975382274587964
0.9349346069804454
0.9349345593124792
0.9753820680267771
1.0067461756572438
1.017275854615174
1.0067461120999555
0.9753821633627096
0.9349346864270559
0.9349345593124792
0.9753820680267771
1.0067461756572438
1.017275854615174
1.0067461120999555
0.9753821633627096
0.9349346864270559
0.9349345593124792
0.9753821315840653
1.0067461597679217
1.0172757116112752
1.006746032653345
0.975382274587964
0.9349346069804454
0.9349346705377336
0.9753822269199978
1.0067461756572438
1.017275854615174
1.0067462709931763
0.9753820998054212
0.9349345116445129
0.9349344163085804
0.975382274587964
1.0067462551038542
1.017275934061784
1.0067461915465659
0.9753821633627096
0.9349345910911234
0.9349346546484116
0.9753822904772862
1.0067461756572438
1.0172759499511064
1.0067463345504646
0.9753821792520315
0.9349345434231572
0.9349344957551909
0.9753821951413537
1.0067463504397867
1.0172759976190726
1.0067463504397867
0.9753821951413537
0.9349344957551909
0.9349345434231572
0.9753821315840653
1.00674622332521
1.0172760135083945
1.0067462868824983
0.9753823699238965
0.9349346546484116
0.9349345910911234
0.9753821633627096
1.0067461915465659
1.017275934061784
1.0067462551038542
0.975382274587964
0.9349344163085804
0.9349345434231572
0.9753821315840653
1.0067461120999555
1.017276124733649
1.0067461597679217
0.9753819409122003
0.93493433686197
0.9349343845299363
0.9753822110306757
1.0067461597679217
1.0172760452870386
1.0067463027718204
0.975382481149151
0.9349346228697675
0.9349346228697675
0.975382481149151
1.0067463027718204
1.0172760452870386
1.0067461597679217
0.9753822110306757
0.9349343845299363
0.93493433686197
0.9753819409122003
1.0067461597679217
1.017276124733649
1.0067461120999555
0.9753821315840653
0.9349345434231572
0.9349345116445129
0.9753822586986419
1.00674622332521
1.0172759976190726
1.00674622332521
0.9753822586986419
0.9349345116445129
0.9349346228697675
0.9753824175918627
1.0067463822184308
1.0172759976190726
1.0067461438785998
0.9753822904772862
0.9349343845299363
0.93493433686197
0.9753819409122003
1.0067461597679217
1.017276124733649
1.0067461120999555
0.9753821315840653
0.9349345434231572
0.9349345116445129
0.9753822586986419
1.0067462868824983
1.0172758705044957
1.0067462868824983
0.9753822586986419
0.9349345116445129
0.9349345434231572
0.9753821315840653
1.0067461120999555
1.017276124733649
1.0067461597679217
0.9753819409122003
0.93493433686197
0.9349343845299363
0.9753822904772862
1.0067461438785998
1.0172759976190726
1.0067463822184308
0.9753824175918627
0.9349346228697675
0.9349346546484116
0.9753823699238965
1.0067462868824983
1.0172760135083945
1.00674622332521
0.9753821315840653
0.9349345434231572
0.9349344957551909
0.9753821951413537
1.0067463504397867
1.0172759976190726
1.0067463504397867
0.9753821951413537
0.9349344957551909
0.9349345434231572
0.9753821792520315
1.0067463345504646
1.0172759499511064
1.0067461756572438
0.9753822904772862
0.9349346546484116
0.9349345910911234
0.9753821633627096
1.0067461915465659
1.017275934061784
1.0067462551038542
0.975382274587964
0.9349344163085804
0.9349344163085804
0.975382274587964
1.0067462551038542
1.017275934061784
1.0067461915465659
0.9753821633627096
0.9349345910911234
0.9349345593124792
0.9753821315840653
1.0067461597679217
1.0172757116112752
1.006746032653345
0.975382274587964
0.9349346069804454
0.9349346864270559
0.9753821633627096
1.0067461120999555
1.017275854615174
1.0067461756572438
0.9753820680267771
0.9349345593124792
0.9349346864270559
0.9753821633627096
1.0067461120999555
1.017275854615174
1.0067461756572438
0.9753820680267771
0.9349345593124792
0.9349346069804454
0.975382274587964
1.0067460008747011
1.0172757751685633
1.0067461279892775
0.9753821315840653
0.9349345593124792
0.9349346705377336
0.9753822269199978
1.0067461756572438
1.017275854615174
1.0067462709931763
0.9753820998054212
0.9349345116445129
0.9724118929402328
0.9724120677227757
0.9724121471693862
1.0045632847009742
1.0240885285702932
1.0240883378984282
1.0045633005902963
1.0045634912621613
1.0240887192421582
1.0199552233290634
1.0240887669101244
1.0045635230408054
1.0045635389301275
1.0199552233290634
1.0199554298902505
1.0240886397955475
1.0240885444596153
1.0045633323689405
1.0386726540639841
1.0386727017319504
1.0386726381746623
0.972411940608199
0.9724121630587081
0.9724120836120977
1.0045631575863976
1.0240886080169036
1.024088703352836
1.0045634118155506
1.0045633641475846
1.0240885444596153
1.019955143882453
1.0240885762382594
1.004563427704873
1.0045633800369067
1.01995535044364
1.0199553981116063
1.0240885285702932
1.0240884332343607
1.004563221143686
1.038672781178561
1.0386727335105947
1.0386726858426285
0.972411908829555
0.9724120995014199
0.9724120995014199
1.0045632847009742
1.0240885285702932
1.0240884014557166
1.004563237033008
1.004563443594195
1.024088894024701
1.019955334554318
1.024088894024701
1.004563443594195
1.004563237033008
1.0199553981116063
1.0199553981116063
1.0240884014557166
1.0240885285702932
1.0045632847009742
1.0386727176212727
1.0386728129572051
1.0386727176212727
0.972411940608199
0.9724120836120977
0.9724121630587081
1.004563221143686
1.0240884332343607
1.0240885285702932
1.0045633800369067
1.004563427704873
1.0240885762382594
1.019955143882453
1.0240885444596153
1.0045633641475846
1.0045634118155506
1.0199553981116063
1.01995535044364
1.024088703352836
1.0240886080169036
1.0045631575863976
1.0386726858426285
1.0386727335105947
1.038672781178561
0.9724118929402328
0.9724121630587081
0.9724120677227757
1.004563427704873
1.0240886080169036
1.0240885126809711
1.0045634594835169
1.0045635389301275
1.0240887669101244
1.0199552709970297
1.0240887192421582
1.0045634912621613
1.0045633800369067
1.0199554140009284
1.0199552709970297
1.0240883220091062
1.0240885126809711
1.0045633641475846
1.0386725269494077
1.0386726381746623
1.0386725587280519
0.9724120677227757
0.9724120359441315
0.9724120041654875
1.0045634118155506
1.0240884491236828
1.0240883537877503
1.0045631575863976
1.0045631575863976
1.0240886556848698
1.0199552868863517
1.0240887669101244
1.0045633323689405
1.004563443594195
1.0199552392183855
1.0199553663329621
1.0240886239062257
1.0240882584518178
1.004563221143686
1.0386729241824595
1.0386729400717816
1.0386728606251714
0.9724120359441315
0.9724120677227757
0.972411940608199
1.0045631575863976
1.0240884491236828
1.0240884491236828
1.0045634594835169
1.0045633641475846
1.024088480902327
1.01995535044364
1.0240886239062257
1.0045633005902963
1.00456325292233
1.019955318664996
1.0199552392183855
1.0240886556848698
1.0240885921275813
1.0045631575863976
1.038673019518392
1.038672844735849
1.0386729241824595
0.9724120200548094
0.9724123219519288
0.9724120041654875
1.004563427704873
1.0240885921275813
1.0240884650130049
1.0045633164796184
1.0045634118155506
1.024088671574192
1.0199554457795725
1.024088703352836
1.0045633641475846
1.0045635071514831
1.0199551279931311
1.0199554775582167
1.0240887510208023
1.0240886874635138
1.0045633641475846
1.0386727493999166
1.0386727970678828
1.0386728924038153
0.9724118293829446
0.9724118293829446
0.9724119564975212
1.0045633323689405
1.0240885444596153
1.0240885444596153
1.0045633323689405
1.0045631575863976
1.0240885444596153
1.019955318664996
1.0240886556848698
1.0045633323689405
1.0045633323689405
1.019955318664996
1.0199552551077076
1.0240886556848698
1.0240885444596153
1.0045631575863976
1.0386728765144935
1.0386727017319504
1.0386727017319504
0.9724123060626069
0.9724120041654875
0.9724120200548094
1.004563427704873
1.0240885126809711
1.0240885444596153
1.00456325292233
1.0045633959262288
1.024088703352836
1.0199550644358426
1.0240887669101244
1.0045633959262288
1.004563443594195
1.0199554298902505
1.0199554140009284
1.0240887192421582
1.0240885921275813
1.0045633959262288
1.038672765289239
1.0386729241824595
1.0386727176212727
0.9724120200548094
0.9724123060626069
0.9724120041654875
1.004563443594195
1.0240887192421582
1.0240885921275813
1.0045633959262288
1.004563427704873
1.0240885126809711
1.0199554140009284
1.0240885444596153
1.00456325292233
1.0045633959262288
1.0199550644358426
1.0199554298902505
1.024088703352836
1.0240887669101244
1.0045633959262288
1.0386727176212727
1.038672765289239
1.0386729241824595
0.9724119564975212
0.9724118293829446
0.9724118293829446
1.0045633323689405
1.0240886556848698
1.0240885444596153
1.0045631575863976
1.0045633323689405
1.0240885444596153
1.0199552551077076
1.0240885444596153
1.0045633323689405
1.0045631575863976
1.019955318664996
1.019955318664996
1.0240885444596153
1.0240886556848698
1.0045633323689405
1.0386727017319504
1.0386728765144935
1.0386727017319504
0.9724120041654875
0.9724120200548094
0.9724123219519288
1.0045635071514831
1.0240887510208023
1.0240886874635138
1.0045633641475846
1.004563427704873
1.0240885921275813
1.0199554775582167
1.0240884650130049
1.0045633164796184
1.0045634118155506
1.0199554457795725
1.0199551279931311
1.024088671574192
1.024088703352836
1.0045633641475846
1.0386728924038153
1.0386727493999166
1.0386727970678828
0.972411940608199
0.9724120359441315
0.9724120677227757
1.00456325292233
1.0240886556848698
1.0240885921275813
1.0045631575863976
1.0045631575863976
1.0240884491236828
1.0199552392183855
1.0240884491236828
1.0045634594835169
1.0045633641475846
1.01995535044364
1.019955318664996
1.024088480902327
1.0240886239062257
1.0045633005902963
1.0386729241824595
1.038673019518392
1.038672844735849
0.9724120041654875
0.9724120677227757
0.9724120359441315
1.004563443594195
1.0240886239062257
1.0240882584518178
1.004563221143686
1.0045634118155506
1.0240884491236828
1.0199553663329621
1.0240883537877503
1.0045631575863976
1.0045631575863976
1.0199552868863517
1.0199552392183855
1.0240886556848698
1.0240887669101244
1.0045633323689405
1.0386728606251714
1.0386729241824595
1.0386729400717816
0.9724120836120977
0.9724121630587081
0.972411940608199
1.004563427704873
1.0240885762382594
1.0240885444596153
1.0045633641475846
1.0045634118155506
1.024088703352836
1.0199553981116063
1.0240886080169036
1.0045631575863976
1.004563221143686
1.01995535044364
1.019955143882453
1.0240884332343607
1.0240885285702932
1.0045633800369067
1.0386727335105947
1.038672781178561
1.0386726858426285
0.9724120995014199
0.9724120995014199
0.972411908829555
1.004563443594195
1.024088894024701
1.024088894024701
1.004563443594195
1.004563237033008
1.0240884014557166
1.0199553981116063
1.0240885285702932
1.0045632847009742
1.0045632847009742
1.0199553981116063
1.019955334554318
1.0240885285702932
1.0240884014557166
1.004563237033008
1.0386728129572051
1.0386727176212727
1.0386727176212727
0.9724121630587081
0.9724120836120977
0.972411940608199
1.0045633641475846
1.0240885444596153
1.0240885762382594
1.004563427704873
1.0045633800369067
1.0240885285702932
1.01995535044364
1.0240884332343607
1.004563221143686
1.0045631575863976
1.0199553981116063
1.019955143882453
1.0240886080169036
1.024088703352836
1.0045634118155506
1.0386727335105947
1.0386726858426285
1.038672781178561
0.9724120677227757
0.9724121471693862
0.9724118929402328
1.0045634912621613
1.0240887192421582
1.0240887669101244
1.0045635230408054
1.0045635389301275
1.0240886397955475
1.0199552233290634
1.0240885444596153
1.0045633323689405
1.0045632847009742
1.0199554298902505
1.0199552233290634
1.0240885285702932
1.0240883378984282
1.0045633005902963
1.0386727017319504
1.0386726381746623
1.0386726540639841
0.9724121630587081
0.9724120677227757
0.9724118929402328
1.0045635389301275
1.0240887669101244
1.0240887192421582
1.0045634912621613
1.0045633800369067
1.0240883220091062
1.0199554140009284
1.0240885126809711
1.0045633641475846
1.004563427704873
1.0199552709970297
1.0199552709970297
1.0240886080169036
1.0240885126809711
1.0045634594835169
1.0386726381746623
1.0386725587280519
1.0386725269494077
