0.9313728044453011
0.9313727829119918
0.9313728690452294
0.9313729551784673
0.9313728690452294
0.9313729121118484
0.9313729551784673
0.9313728690452294
0.9313729121118484
0.9313727829119918
0.9313728690452294
0.9313728690452294
0.9404493276540091
0.9867193852130635
1.005876350405668
0.9867195467128843
0.9404492199874619
0.9404493814872827
0.9867195467128843
1.005876386294517
0.9867194211019126
0.940449184098613
0.9404493814872827
0.9867194928796107
1.0058762247946962
0.9867192416576671
0.9404490943764903
0.9404493276540091
0.986719403157488
1.005876314516819
0.9867194749351862
0.9404491302653394
0.9404494353205564
0.986719367268639
1.0058762068502718
0.9867193134353653
0.9404491661541884
0.9404493455984339
0.9867193134353653
1.0058762427391208
0.9867194211019126
0.9404492558763111
0.9404493994317075
0.9867193852130635
1.0058762247946962
0.9867193852130635
0.940449184098613
0.9404492558763111
0.9867192954909407
1.0058760812393
0.9867192954909407
0.9404492738207355
0.9404492917651602
0.9867193852130635
1.0058763324612434
0.986719367268639
0.9404490584876412
0.940449417376132
0.9867194928796107
1.0058762247946962
0.9867193493242143
0.9404491302653394
0.9404493276540091
0.9867194390463371
1.0058761350725736
0.9867192237132426
0.9404492917651602
0.9404493276540091
0.9867192775465162
1.0058762965723944
0.986719403157488
0.940449184098613
0.94044948915383
0.9867193852130635
1.005876314516819
0.9867193313797898
0.9404492199874619
0.9404492379318866
0.9867192057688182
1.0058760812393
0.9867193134353653
0.9404492199874619
0.940449417376132
0.9867192954909407
1.0058761350725736
0.9867193313797898
0.9404492379318866
0.94044948915383
0.9867194211019126
1.005876314516819
0.9867193493242143
0.9404492199874619
0.9404492379318866
0.9867191878243935
1.0058760812393
0.9867193134353653
0.9404492199874619
0.940449417376132
0.9867193134353653
1.005876045350451
0.9867192954909407
0.9404492379318866
0.9404493276540091
0.9867194390463371
1.0058761889058472
0.9867192057688182
0.9404492917651602
0.9404493276540091
0.9867192596020917
1.0058761889058472
0.9867192775465162
0.940449184098613
0.9404495070982547
0.9867195467128843
1.005876386294517
0.9867194211019126
0.940449184098613
0.9404493455984339
0.986719403157488
1.0058762068502718
0.986719403157488
0.9404493814872827
0.940449417376132
0.9867194928796107
1.0058764939610643
0.9867195826017334
0.9404492020430375
0.940449417376132
0.9867195108240352
1.0058762427391208
0.986719403157488
0.9404492738207355
0.9404493455984339
0.9867193852130635
1.0058762068502718
0.9867194211019126
0.9404492558763111
0.9404492917651602
0.9867194211019126
1.005876314516819
0.9867194749351862
0.9404492199874619
0.9404493814872827
0.9867192954909407
1.0058762786279698
0.9867194569907616
0.9404492738207355
0.9404493994317075
0.9867192954909407
1.0058761350725736
0.9867193313797898
0.940449184098613
0.9404494532649811
0.9867194569907616
1.0058762786279698
0.9867193313797898
0.9404490943764903
0.9404494353205564
0.9867193493242143
1.0058762068502718
0.9867192596020917
0.9404491302653394
0.9918192265555383
0.9918193342220856
0.9918194418886328
1.0372269109601577
1.0335422028255783
1.0335420233813328
1.0372271083488278
1.0407652823126323
1.040765246423783
1.0523285977070538
0.9918195854440292
0.9918193880553592
0.9918192444999628
1.0372273416263467
1.0335424361030972
1.0335422028255783
1.0372271083488278
1.0407655873678492
1.0407655335345756
1.052328992484394
0.9918195136663309
0.9918193521665101
0.9918192265555383
1.0372271262932522
1.033542220770003
1.0335420772146064
1.037227018626705
1.0407655155901512
1.0407655155901512
1.0523288130401482
0.9918196392773028
0.9918192983332365
0.9918191368334156
1.0372271980709504
1.0335424540475218
1.033542292547701
1.0372273057374977
1.0407654617568776
1.040765479701302
1.0523290283732427
0.9918192983332365
0.9918195136663309
0.9918191727222647
1.0372271262932522
1.03354213104788
1.03354213104788
1.0372270545155542
1.0407654976457268
1.0407652823126323
1.0523287771512995
0.9918191727222647
0.9918195316107555
0.9918193521665101
1.0372271083488278
1.0335419695480592
1.0335419516036348
1.0372268391824597
1.0407653002570567
1.040765336145906
1.0523284541516578
0.9918192624443875
0.9918193162776611
0.9918192444999628
1.0372270904044034
1.0335420772146064
1.03354213104788
1.0372271083488278
1.0407650490351132
1.0407651925905095
1.0523286515403274
0.9918193342220856
0.9918195136663309
0.9918194059997837
1.0372273057374977
1.0335423104921255
1.0335422028255783
1.037227251904224
1.040765246423783
1.040765246423783
1.0523287950957239
0.9918192983332365
0.9918192086111138
0.9918192983332365
1.0372270006822806
1.0335419874924838
1.0335419336592102
1.0372269289045826
1.0407652105349339
1.0407653002570567
1.0523284720960822
0.9918191906666892
0.99181954955518
0.9918194059997837
1.0372272698486487
1.0335422387144273
1.03354213104788
1.037227216015375
1.040765336145906
1.040765336145906
1.0523287950957239
0.9918194059997837
0.9918195136663309
0.9918193521665101
1.0372273057374977
1.033542292547701
1.033542256658852
1.037227216015375
1.0407652643682075
1.0407652105349339
1.052328830984573
0.991819280388812
0.9918192983332365
0.9918192086111138
1.0372269647934313
1.0335420772146064
1.033542095159031
1.0372269289045826
1.0407652105349339
1.0407651387572359
1.0523285797626294
0.9918193701109347
0.9918196033884537
0.9918192086111138
1.0372271083488278
1.033542220770003
1.0335422387144273
1.0372271801265258
1.0407652643682075
1.0407652823126323
1.052328705373601
0.991819280388812
0.9918195316107555
0.9918191009445667
1.0372268032936105
1.0335420413257574
1.0335420413257574
1.037227018626705
1.040765318201481
1.0407652643682075
1.0523284720960822
0.9918192444999628
0.9918193880553592
0.9918192444999628
1.037227144237677
1.0335421131034557
1.03354213104788
1.037226946849007
1.0407651208128115
1.0407650849239622
1.052328561818205
0.9918192265555383
0.9918194777774819
0.9918194777774819
1.037227287793073
1.0335423643253991
1.033542220770003
1.0372272339597994
1.040765407923604
1.0407655335345756
1.0523288848178467
0.9918193880553592
0.9918194777774819
0.9918193162776611
1.0372270724599786
1.0335421489923047
1.033542095159031
1.0372270904044034
1.040765479701302
1.0407653540903303
1.0523287592068746
0.9918194059997837
0.9918194777774819
0.9918192624443875
1.0372273954596203
1.0335422387144273
1.033542256658852
1.037227144237677
1.0407653720347547
1.040765407923604
1.0523288668734219
0.9918193342220856
0.9918195674996045
0.9918190650557175
1.0372269827378562
1.033542059270182
1.033542095159031
1.0372269647934313
1.040765318201481
1.040765336145906
1.0523286515403274
0.9918194059997837
0.9918193342220856
0.9918192983332365
1.0372270904044034
1.0335420054369084
1.0335421848811537
1.037226946849007
1.0407652823126323
1.0407652284793587
1.0523286156514786
