0.9293424542016543
0.9293425506289195
0.9293425144686951
0.929342430094838
0.929342430094838
0.9293425144686951
0.929342430094838
0.929342430094838
0.9293425144686951
0.9293425506289195
0.9293425144686951
0.9293424542016543
0.9334296082130221
0.9711466307892
1.003911842093241
1.0204321026886554
1.0204321529111893
1.0039119023602818
0.971146490166105
0.9334297187025969
0.9334296283020358
0.9711466609227205
1.003911942538309
1.0204322634007643
1.0204325044689273
1.0039120228943634
0.9711467211897612
0.9334299195927328
0.9334296283020358
0.9711467312342681
1.0039120429833768
1.020432373890339
1.0204325346024476
1.003912133383938
0.9711467211897612
0.9334299195927328
0.9334296082130221
0.9711465705221592
1.003911731603666
1.0204319921990808
1.0204321127331624
1.0039117717816934
0.9711462792314622
0.9334296684800629
0.9334296483910492
0.9711467011007477
1.0039118923157748
1.0204321026886554
1.0204324040238593
1.0039119525828157
0.9711465403886389
0.9334295278569678
0.9334297488361173
0.9711468919463768
1.0039118621822545
1.0204319921990808
1.0204322433117505
1.0039121735619654
0.9711465906111729
0.933429568034995
0.9334299798597736
0.9711469522134176
1.0039120128498564
1.0204322332672437
1.0204324140683663
1.0039121032504177
0.9711467613677885
0.9334298392366785
0.9334296986135833
0.9711465906111729
1.0039120530278838
1.0204320926441486
1.0204321930892166
1.0039119726718293
0.9711465002106118
0.9334296182575289
0.9334298995037192
0.9711469120353905
1.0039120630723906
1.020432223222737
1.0204323939793525
1.0039121233394313
0.9711465906111729
0.9334297890141445
0.9334296885690766
0.9711468115903225
1.003911942538309
1.0204319520210534
1.0204321830447096
1.0039120028053496
0.9711465403886389
0.9334295479459813
0.9334296283020358
0.9711465303441321
1.0039117717816934
1.0204322031337234
1.0204322834897777
1.0039120731168973
0.9711465805666661
0.9334293771893658
0.9334296885690766
0.9711469120353905
1.0039120429833768
1.020432173000203
1.0204323638458321
1.003912133383938
0.9711465202996253
0.9334295278569678
0.9334297187025969
0.9711466910562409
1.0039118019152138
1.0204320524661215
1.0204322332672437
1.00391203293887
0.9711465805666661
0.9334295780795018
0.9334295780795018
0.9711465604776526
1.003911791870707
1.0204321127331624
1.0204321428666827
1.0039119124047886
0.9711465504331458
0.9334294977234473
0.9334296483910492
0.9711467211897612
1.0039119224492954
1.020432022332601
1.0204322031337234
1.0039120028053496
0.9711465504331458
0.9334295780795018
0.9334297187025969
0.9711467011007477
1.0039118923157748
1.020432072555135
1.0204322634007643
1.0039119324938022
0.9711464801215981
0.9334295780795018
0.9334295780795018
0.9711465403886389
1.0039119023602818
1.020432173000203
1.0204321428666827
1.0039119224492954
0.9711465303441321
0.9334294977234473
0.9334296483910492
0.9711467312342681
1.0039119224492954
1.0204320625106282
1.0204322332672437
1.0039120028053496
0.9711465102551186
0.9334295780795018
0.9334296283020358
0.9711465805666661
1.0039118923157748
1.0204322533562573
1.0204322634007643
1.00391203293887
0.9711465604776526
0.9334293771893658
0.9334296885690766
0.9711467513232817
1.003911791870707
1.0204321328221757
1.0204323035787912
1.0039120731168973
0.9711465102551186
0.9334295278569678
0.9334299798597736
0.9711470024359516
1.0039120530278838
1.020432173000203
1.0204324241128728
1.0039121434284448
0.971146781456802
0.9334298392366785
0.9334296986135833
0.9711466609227205
1.0039119224492954
1.0204321127331624
1.0204320926441486
1.0039119626273225
0.9711464298990642
0.9334296182575289
0.9334298995037192
0.9711468517683497
1.0039119124047886
1.0204321529111893
1.0204324341573796
1.0039120731168973
0.9711465403886389
0.9334297890141445
0.9334296885690766
0.9711467714122952
1.0039119124047886
1.0204319319320398
1.0204321529111893
1.0039120429833768
0.9711466107001866
0.9334295479459813
0.9334297488361173
0.9711469421689108
1.0039119324938022
1.0204320323771077
1.0204322935342847
1.00391203293887
0.9711465705221592
0.933429568034995
0.9334295981685153
0.9711466006556797
1.0039118119597206
1.0204320625106282
1.020432173000203
1.0039118521377477
0.971146490166105
0.9334297187025969
0.9334299195927328
0.9711469120353905
1.0039119726718293
1.0204323035787912
1.0204324341573796
1.0039120429833768
0.9711466307892
0.9334295278569678
0.9334299195927328
0.9711469120353905
1.0039119224492954
1.0204321127331624
1.0204323136232982
1.0039119525828157
0.9711465002106118
0.933429467589927
0.9334296684800629
0.9711465002106118
1.003911731603666
1.0204318817095057
1.0204321428666827
1.0039118220042273
0.9711464098100506
0.9334294274118998
0.9334296483910492
0.9711466810117341
1.0039118722267615
1.0204320926441486
1.020432373890339
1.0039119124047886
0.9711465002106118
0.9334294776344338
0.9666593377783788
0.9666596089800622
0.9666593076448583
0.9957104219377598
1.0179021726727813
1.0264276888845616
1.017902092316727
0.9957103918042395
0.9957107835400045
1.0059466281465765
1.0179022932068629
1.0264279399972314
1.0179025443195329
1.005946608057563
1.0059465779240426
0.9957105926943755
0.9957104922493075
1.0179019617381384
1.0246778755335524
1.0231039716300723
1.0231040620306333
1.0264277391070955
1.0179023233403832
0.9957103415817056
1.0246777951774981
1.0262232630822372
1.0262235342839208
1.028847521061438
0.9666592373333107
0.9666596993806235
0.966659468356967
0.9957103717152259
1.017902232939822
1.0264278897746975
1.017902232939822
0.9957101005135424
0.9957103817597327
1.005946698458124
1.0179020621832064
1.0264277893296294
1.0179024137409443
1.005946166099264
1.0059466181020698
0.995710512338321
0.9957103415817056
1.0179021023612338
1.0246777349104574
1.02310379082895
1.023103740606416
1.0264274578609052
1.0179021626282745
0.9957103014036782
1.0246779257560865
1.0262231224591418
1.0262232429932234
1.0288473603493293
0.9666594281789399
0.9666593980454196
0.9666594784014738
0.9957105525163482
1.0179021626282745
1.0264276788400548
1.017902232939822
0.9957103516262122
0.9957104520712802
1.0059464875234814
1.017902283162356
1.0264277491516025
1.0179022731178493
1.0059464674344678
1.0059463368558794
0.9957103415817056
0.9957103817597327
1.0179021023612338
1.0246774637087739
1.0231036602503618
1.023103891274018
1.0264277089735752
1.0179022128508084
0.995710411893253
1.0246777148214439
1.026223172681676
1.0262232429932234
1.028847279993275
0.9666593277338719
0.9666595085349942
0.9666595888910486
0.9957103717152259
1.017901941649125
1.0264277491516025
1.017902092316727
0.9957100603355151
0.9957105826498687
1.0059463469003862
1.017902192761795
1.0264277391070955
1.0179023635184103
1.005946407167427
1.005946356944893
0.9957101206025559
0.995710221047624
1.0179021023612338
1.02467769473243
1.0231040017635926
1.0231038008734568
1.0264276487065345
1.0179021324947541
0.9957103014036782
1.0246777750884846
1.0262232429932234
1.0262233735718118
1.028847681773547
0.9666593076448583
0.9666594382234467
0.9666592373333107
0.9957104319822667
1.017902192761795
1.0264276989290684
1.017902182717288
0.9957104319822667
0.9957106027388821
1.0059467085026308
1.0179021726727813
1.0264278897746975
1.017902192761795
1.005946748680658
1.005946407167427
0.9957102511811443
0.9957101607805832
1.0179019717826454
1.0246777750884846
1.0231040017635926
1.0231041524311946
1.0264275482614664
1.017902242984329
0.9957102411366375
1.0246779860231274
1.0262234740168799
1.0262238456636312
1.028847681773547
0.9666591569772564
0.9666592574223243
0.966659277511338
0.9957103817597327
1.017901941649125
1.0264274076383713
1.017901941649125
0.9957103516262122
0.9957103817597327
1.0059467285916446
1.0179022128508084
1.026427769240616
1.017902092316727
1.0059466281465765
1.0059463870784133
0.9957103516262122
0.9957104922493075
1.0179021626282745
1.024677564153842
1.023103740606416
1.0231038209624703
1.0264278094186432
1.0179023032513697
0.9957102913591716
1.0246774938422942
1.0262232731267438
1.0262236246844818
1.0288472599042615
0.9666591368882428
0.9666595085349942
0.9666592473778176
0.995710361670719
1.017901991871659
1.026427377504851
1.01790180102603
0.995710221047624
0.995710713228457
1.0059465277015085
1.0179023032513697
1.0264278797301907
1.017902182717288
1.0059465879685492
1.0059462464553182
0.9957101909141036
0.9957101507360763
1.017901991871659
1.0246774837977874
1.0231036702948684
1.023103881229511
1.0264277290625887
1.0179021324947541
0.9957102110031171
1.0246776846879235
1.026223212859703
1.0262234438833595
1.0288472599042615
0.966659277511338
0.9666596391135827
0.9666593377783788
0.9957103717152259
1.0179021324947541
1.0264274478163986
1.017902032049686
0.995710361670719
0.9957104822048006
1.0059465176570017
1.0179021626282745
1.0264277893296294
1.0179022028063016
1.0059466281465765
1.0059464975679882
0.9957102411366375
0.9957104219377598
1.0179021023612338
1.024677503886801
1.0231037104728957
1.0231038711850045
1.026427769240616
1.0179021726727813
0.9957102310921307
1.0246777851329913
1.026223463972373
1.0262235342839208
1.0288474407053838
0.9666590464876816
0.9666592071997903
0.966659277511338
0.9957102411366375
1.0179019014710977
1.0264273373268236
1.0179019215601115
0.9957102813146648
0.9957103114481851
1.005946447345454
1.0179021124057404
1.026427668795548
1.0179021023612338
1.005946407167427
1.0059464975679882
0.9957102712701579
0.9957102913591716
1.017901991871659
1.0246776645989097
1.0231037506509228
1.023103881229511
1.0264275984840006
1.0179022028063016
0.9957103014036782
1.024677805222005
1.0262233032602643
1.0262235543729343
1.0288476616845332
0.9666593679118991
0.9666593779564059
0.9666593277338719
0.9957105223828279
1.0179022128508084
1.0264275080834393
1.0179020621832064
0.9957103114481851
0.9957104721602938
1.005946758725165
1.0179021525837677
1.026427859641177
1.01790233338489
1.0059465879685492
1.0059466181020698
0.9957103918042395
0.9957103415817056
1.017901941649125
1.0246777650439778
1.0231039615855657
1.023103981674579
1.0264275382169596
1.0179023735629174
0.9957103817597327
1.024677996067634
1.0262232831712508
1.0262234137498392
1.0288475411504516
0.9666593377783788
0.9666596290690758
0.9666592674668311
0.9957103315371987
1.0179020019161658
1.0264276185730141
1.0179021626282745
0.9957102712701579
0.9957104922493075
1.0059465176570017
1.0179020220051793
1.0264275783949868
1.0179021124057404
1.005946608057563
1.0059466181020698
0.995710221047624
0.9957104420267735
1.017902242984329
1.0246775340203216
1.0231038711850045
1.0231038711850045
1.026427859641177
1.0179022530288357
0.9957103415817056
1.0246777248659504
1.026223463972373
1.0262236447734954
1.0288475009724247
0.966659277511338
0.9666592071997903
0.9666590464876816
0.9957103516262122
1.0179020220051793
1.0264275984840006
1.017902192761795
0.9957101909141036
0.995710221047624
1.0059464674344678
1.0179018110705365
1.0264273674603441
1.0179019516936318
1.0059464272564407
1.005946507612495
0.9957102310921307
0.995710411893253
1.0179021124057404
1.0246776746434165
1.023104031897113
1.0231038510959907
1.0264276185730141
1.0179020220051793
0.9957101808695967
1.0246776746434165
1.0262233434382915
1.0262234237943457
1.028847621506506
0.9666593377783788
0.9666593779564059
0.9666593779564059
0.9957104621157871
1.0179022932068629
1.0264277993741364
1.0179021726727813
0.9957104219377598
0.9957104520712802
1.0059465879685492
1.0179020521386997
1.0264274377718916
1.0179022228953154
1.0059466181020698
1.0059467185471376
0.995710411893253
0.9957105926943755
1.0179024036964377
1.0246778253110185
1.0231040519861268
1.0231038109179638
1.0264276888845616
1.0179021124057404
0.9957103516262122
1.0246776043318688
1.0262233434382915
1.026223463972373
1.0288474005273567
0.9666593377783788
0.9666592976003515
0.9666592976003515
0.9957104822048006
1.0179019617381384
1.026427628617521
1.0179021726727813
0.9957103014036782
0.9957103817597327
1.0059466181020698
1.0179018311595502
1.0264274277273848
1.0179019818271522
1.0059464373009475
1.0059466281465765
0.9957103214926919
0.9957106228278958
1.0179021626282745
1.0246776746434165
1.0231037506509228
1.0231036602503618
1.0264275382169596
1.017902092316727
0.9957104621157871
1.0246776344653894
1.0262234740168799
1.0262237050405363
1.028847581328479
0.9666593176893651
0.9666594784014738
0.9666592071997903
0.9957104219377598
1.0179021726727813
1.026427859641177
1.0179022731178493
0.9957103516262122
0.9957103014036782
1.0059464674344678
1.0179017307144822
1.0264275281724529
1.0179020220051793
1.0059465578350288
1.005946457389961
0.9957102511811443
0.9957103817597327
1.017902032049686
1.0246777549994708
1.0231040620306333
1.0231037707399364
1.0264274578609052
1.017901841204057
0.9957100804245288
1.0246777750884846
1.026223212859703
1.0262233333937847
1.028847521061438
0.9666594884459807
0.9666596993806235
0.9666593176893651
0.9957105826498687
1.01790233338489
1.0264277391070955
1.017902283162356
0.9957103516262122
0.9957103014036782
1.005946407167427
1.0179019717826454
1.026427668795548
1.017902142539261
1.005946356944893
1.005946356944893
0.9957102913591716
0.9957103014036782
1.0179019516936318
1.02467769473243
1.023103941496552
1.0231037004283887
1.0264277290625887
1.0179020722277135
0.9957100603355151
1.0246775842428555
1.0262233434382915
1.0262235443284273
1.0288476014174925
0.9666593779564059
0.966659468356967
0.9666592674668311
0.9957102813146648
1.0179018311595502
1.0264273071933032
1.0179019014710977
0.9957102009586103
0.9957105525163482
1.0059461962327843
1.0179021626282745
1.0264277792851229
1.0179023132958764
1.005946256499825
1.005946698458124
0.9957102813146648
0.995710411893253
1.0179022128508084
1.0246772929521584
1.0231034694047325
1.0231039214075384
1.0264279500417384
1.0179021726727813
0.9957103315371987
1.0246780161566478
1.0262236447734954
1.0262236347289886
1.0288476415955197
0.9666595888910486
0.9666594884459807
0.9666591971552836
0.9957101909141036
1.017902283162356
1.026427859641177
1.017902393651931
0.9957105022938142
0.9957104621157871
1.005946296677852
1.017902042094193
1.0264276587510412
1.0179021525837677
1.0059466381910833
1.005946447345454
0.995710221047624
0.995710361670719
1.01790208227222
1.0246778353555255
1.0231040620306333
1.0231038611404977
1.026427518127946
1.0179018612930706
0.9957101306470628
1.0246778755335524
1.0262232329487169
1.0262233333937847
1.0288476415955197
0.9666591770662699
0.966659418134433
0.9666591770662699
0.9957104319822667
1.0179021023612338
1.0264277089735752
1.0179023132958764
0.9957106630059229
0.9957106027388821
1.0059463770339065
1.0179020019161658
1.0264276386620275
1.0179021726727813
1.0059468290367124
1.0059466582800969
0.9957102913591716
0.9957103918042395
1.017902192761795
1.0246776746434165
1.0231041022086607
1.02310379082895
1.0264276989290684
1.017902032049686
0.9957100904690356
1.0246776846879235
1.0262236347289886
1.026223664862509
1.0288477018625606
0.9666593076448583
0.9666596089800622
0.9666593377783788
0.9957106328724026
1.0179025041415055
1.0264280906648333
1.0179023534739036
0.9957106931394434
0.9957104520712802
1.0059466884136172
1.017902032049686
1.0264276487065345
1.0179023132958764
1.005946356944893
1.0059466783691104
0.9957104219377598
0.9957104922493075
1.0179021626282745
1.0246779860231274
1.02310404194162
1.0231036301168412
1.0264277089735752
1.0179020521386997
0.9957103817597327
1.0246779358005933
1.026223323349278
1.0262234338388527
1.0288474607943974
