0.932971245646981
0.9329712156237219
0.932971245646981
0.9329713207051288
0.9329713207051288
0.9329712606586106
0.9329713207051288
0.9329713207051288
0.9329712606586106
0.9329712156237219
0.932971245646981
0.9329711856004629
0.9458987656358324
0.9946277536302756
0.9946275784945974
0.9458987281067585
0.9458988156745975
0.9946278036690407
0.9946276535527451
0.9458987781455236
0.9458988156745975
0.9946277411205843
0.9946275784945974
0.9458987656358324
0.9458987656358324
0.9946277536302756
0.9946276285333626
0.9458987406164497
0.9458988031649063
0.9946276410430539
0.9946276160236712
0.9458987406164497
0.9458988031649063
0.994627691081819
0.994627691081819
0.9458987030873759
0.9458987531261411
0.9946275659849061
0.9946277035915104
0.945898790655215
0.9458989282618192
0.9946276535527451
0.9946275659849061
0.9458988156745975
0.9458988281842889
0.9946276785721277
0.9946275659849061
0.9458986780679933
0.945898790655215
0.9946277786496581
0.994627691081819
0.9458987281067585
0.9458988156745975
0.9946276410430539
0.9946277286108929
0.9458988657133628
0.945898790655215
0.9946276660624365
0.9946276660624365
0.9458987406164497
0.9458988031649063
0.9946276285333626
0.9946276535527451
0.9458987781455236
0.9458988782230541
0.9946276535527451
0.9946275659849061
0.945898790655215
0.9458988031649063
0.994627691081819
0.9946276535527451
0.9458987656358324
0.9458988031649063
0.9946276285333626
0.9946276535527451
0.9458987781455236
0.9458988782230541
0.9946276535527451
0.9946275659849061
0.945898790655215
0.9458988031649063
0.994627691081819
0.9946276535527451
0.9458987656358324
0.9458988156745975
0.9946276410430539
0.9946277286108929
0.9458988657133628
0.945898790655215
0.9946276660624365
0.9946276660624365
0.9458987406164497
0.9458988281842889
0.9946276535527451
0.9946277411205843
0.945898790655215
0.9458989282618192
0.9946276535527451
0.9946276160236712
0.9458988907327452
0.9458988907327452
0.9946277786496581
0.9946276535527451
0.9458987531261411
0.945898790655215
0.9946277786496581
0.9946277161012016
0.9458988031649063
0.9458988031649063
0.994627691081819
0.994627691081819
0.9458987030873759
0.9458987406164497
0.9946277161012016
0.9946275659849061
0.9458987281067585
0.9458988907327452
0.9946276785721277
0.9946275910042888
0.9458987281067585
0.9458988532036714
0.9946275409655234
0.9946275284558322
0.9458987406164497
0.9458988532036714
0.9946275534752148
0.9946276160236712
0.945898790655215
0.9458988031649063
0.9946276160236712
0.9946276285333626
0.9458987531261411
1.0109385021164807
1.0109383770195677
1.0109384770970982
1.0619408888197823
1.0619409638779302
1.0619409013294738
1.0109386272133938
1.0109383394904938
1.0109384395680243
1.0619409763876215
1.0619408763100913
1.0619409388585477
1.0109385271358633
1.0109385021164807
1.0109384395680243
1.0619408012519433
1.0619408512907085
1.0619408012519433
1.0109386021940112
1.0109384520777156
1.0109382769420374
1.0619409888973128
1.0619408763100913
1.0619409138391651
1.0109385021164807
1.0109385521552459
1.0109383269808025
1.0619409013294738
1.0619409263488564
1.0619408888197823
1.0109384270583328
1.0109384520777156
1.0109384770970982
1.061940788742252
1.061940788742252
1.0619407261937956
1.0109384020389505
1.0109384520777156
1.0109384645874069
1.0619407512131782
1.0619408137616346
1.0619407637228695
1.0109384395680243
1.0109383645098766
1.0109384770970982
1.0619408763100913
1.0619408888197823
1.0619409388585477
1.0109384020389505
1.0109384896067894
1.0109385021164807
1.0619406386259567
1.061940738703487
1.0619407512131782
1.0109383520001851
1.0109384645874069
1.0109384395680243
1.0619408888197823
1.0619409263488564
1.0619408763100913
1.0109384770970982
1.0109383645098766
1.0109384395680243
1.0619408888197823
1.0619408763100913
1.0619409388585477
1.0109385021164807
1.0109384896067894
1.0109384020389505
1.061940738703487
1.0619406386259567
1.0619407512131782
1.0109384395680243
1.0109384645874069
1.0109383520001851
1.0619409263488564
1.0619408888197823
1.0619408763100913
1.0109384770970982
1.0109384520777156
1.0109384270583328
1.061940788742252
1.061940788742252
1.0619407261937956
1.0109384645874069
1.0109384520777156
1.0109384020389505
1.0619408137616346
1.0619407512131782
1.0619407637228695
1.0109384645874069
1.010938514626172
1.0109384270583328
1.0619409638779302
1.0619408888197823
1.0619409138391651
1.0109385396455546
1.0109385271358633
1.0109383645098766
1.0619409013294738
1.0619407261937956
1.0619407261937956
1.0109383520001851
1.0109385396455546
1.0109384896067894
1.0619409013294738
1.0619408137616346
1.0619407762325608
1.0109383645098766
1.0109384770970982
1.010938514626172
1.0619408763100913
1.0619408512907085
1.0619407512131782
1.0109384770970982
1.0109383770195677
1.0109385021164807
1.0619409638779302
1.0619408888197823
1.0619409013294738
